Number of studies: k = 30
Number of treatments: n = 16
Number of pairwise comparisons: m = 50
Number of designs: d = 21

Fixed effects model

Treatment estimate (sm = 'OR'):
                 BZD-intermediate BZD-long BZD-short daridorexant doxepin doxylamine eszopiclone lemborexant placebo ramelteon seltorexant suvorexant trazodone zaleplon zolpidem zopiclone
BZD-intermediate                .   0.8860    0.6764       1.9534  0.2462     1.0812      0.5174      8.1652  0.8852    0.4570      2.5292     0.9100    0.3827   3.8463   0.5689    0.6685
BZD-long                   1.1286        .    0.7634       2.2046  0.2778     1.2203      0.5839      9.2154  0.9990    0.5158      2.8545     1.0270    0.4319   4.3409   0.6421    0.7544
BZD-short                  1.4783   1.3099         .       2.8878  0.3639     1.5985      0.7648     12.0710  1.3086    0.6756      3.7390     1.3453    0.5658   5.6861   0.8411    0.9882
daridorexant               0.5119   0.4536    0.3463            .  0.1260     0.5535      0.2649      4.1800  0.4532    0.2339      1.2948     0.4659    0.1959   1.9690   0.2912    0.3422
doxepin                    4.0623   3.5994    2.7479       7.9352       .     4.3923      2.1017     33.1696  3.5959    1.8564     10.2743     3.6967    1.5547  15.6246   2.3111    2.7155
doxylamine                 0.9249   0.8195    0.6256       1.8066  0.2277          .      0.4785      7.5517  0.8187    0.4226      2.3391     0.8416    0.3540   3.5572   0.5262    0.6182
eszopiclone                1.9329   1.7126    1.3075       3.7756  0.4758     2.0899           .     15.7824  1.7110    0.8833      4.8886     1.7589    0.7397   7.4343   1.0997    1.2921
lemborexant                0.1225   0.1085    0.0828       0.2392  0.0301     0.1324      0.0634           .  0.1084    0.0560      0.3098     0.1114    0.0469   0.4711   0.0697    0.0819
placebo                    1.1297   1.0010    0.7642       2.2067  0.2781     1.2215      0.5845      9.2243       .    0.5163      2.8572     1.0280    0.4324   4.3451   0.6427    0.7552
ramelteon                  2.1882   1.9389    1.4802       4.2745  0.5387     2.3660      1.1321     17.8675  1.9370         .      5.5345     1.9913    0.8375   8.4166   1.2449    1.4628
seltorexant                0.3954   0.3503    0.2675       0.7723  0.0973     0.4275      0.2046      3.2284  0.3500    0.1807           .     0.3598    0.1513   1.5208   0.2249    0.2643
suvorexant                 1.0989   0.9737    0.7433       2.1466  0.2705     1.1882      0.5685      8.9727  0.9727    0.5022      2.7793          .    0.4206   4.2266   0.6252    0.7346
trazodone                  2.6129   2.3151    1.7675       5.1040  0.6432     2.8252      1.3518     21.3350  2.3129    1.1941      6.6085     2.3778         .  10.0499   1.4865    1.7466
zaleplon                   0.2600   0.2304    0.1759       0.5079  0.0640     0.2811      0.1345      2.1229  0.2301    0.1188      0.6576     0.2366    0.0995        .   0.1479    0.1738
zolpidem                   1.7577   1.5574    1.1890       3.4335  0.4327     1.9005      0.9094     14.3521  1.5559    0.8033      4.4456     1.5995    0.6727   6.7606        .    1.1750
zopiclone                  1.4960   1.3255    1.0119       2.9222  0.3683     1.6175      0.7740     12.2150  1.3242    0.6836      3.7836     1.3613    0.5725   5.7539   0.8511         .

Lower 95%-confidence limit:
                 BZD-intermediate BZD-long BZD-short daridorexant doxepin doxylamine eszopiclone lemborexant placebo ramelteon seltorexant suvorexant trazodone zaleplon zolpidem zopiclone
BZD-intermediate                .   0.3989    0.3081       0.4233  0.0262     0.2312      0.2098      0.3770  0.4215    0.1325      0.5235     0.2661    0.0202   0.5079   0.2501    0.3056
BZD-long                   0.5081        .    0.5317       0.5425  0.0325     0.2965      0.3191      0.4554  0.6893    0.1790      0.6701     0.3600    0.0205   0.6477   0.3686    0.5454
BZD-short                  0.6733   0.9122         .       0.7168  0.0427     0.3916      0.4235      0.5983  0.9249    0.2364      0.8848     0.4755    0.0269   0.8753   0.4943    0.7289
daridorexant               0.1109   0.1116    0.0860            .  0.0102     0.0861      0.0619      0.1576  0.1168    0.0436      0.1952     0.0874    0.0071   0.1920   0.0792    0.0854
doxepin                    0.4324   0.4209    0.3227       0.6441       .     0.3541      0.2379      0.8560  0.4343    0.1798      0.8124     0.3597    0.0385   0.9134   0.2675    0.3207
doxylamine                 0.1977   0.1991    0.1533       0.2811  0.0184          .      0.1105      0.2832  0.2083    0.0780      0.3465     0.1563    0.0128   0.3442   0.1388    0.1524
eszopiclone                0.7836   0.9360    0.7239       0.8825  0.0539     0.4826           .      0.7620  1.0098    0.2875      1.0924     0.5779    0.0341   1.0505   0.5599    0.7483
lemborexant                0.0057   0.0054    0.0041       0.0090  0.0008     0.0050      0.0031           .  0.0055    0.0024      0.0114     0.0048    0.0007   0.0137   0.0034    0.0041
placebo                    0.5379   0.6906    0.5401       0.5687  0.0336     0.3108      0.3450      0.4665       .    0.1916      0.7019     0.3857    0.0208   0.6525   0.4197    0.5538
ramelteon                  0.6345   0.6729    0.5180       0.7970  0.0522     0.4367      0.3684      0.7698  0.7190         .      0.9927     0.4940    0.0344   0.9909   0.4233    0.5178
seltorexant                0.0818   0.0822    0.0633       0.1164  0.0077     0.0633      0.0457      0.1193  0.0860    0.0324           .     0.0649    0.0054   0.1441   0.0568    0.0629
suvorexant                 0.3214   0.3413    0.2628       0.4028  0.0263     0.2207      0.1868      0.3879  0.3650    0.1246      0.5016          .    0.0173   0.5001   0.2147    0.2627
trazodone                  0.1378   0.1098    0.0840       0.1852  0.0159     0.1019      0.0623      0.3024  0.1112    0.0490      0.2347     0.0980         .   0.2825   0.0700    0.0831
zaleplon                   0.0343   0.0344    0.0271       0.0495  0.0037     0.0272      0.0190      0.0619  0.0346    0.0140      0.0623     0.0280    0.0028        .   0.0213    0.0262
zolpidem                   0.7728   0.8942    0.6988       0.9337  0.0501     0.5015      0.4630      0.7041  1.0160    0.2731      1.1218     0.5492    0.0317   0.9727        .    0.7005
zopiclone                  0.6839   0.9582    0.7464       0.7296  0.0435     0.3987      0.4483      0.6078  0.9711    0.2420      0.9009     0.4869    0.0273   0.8673   0.5074         .

Upper 95%-confidence limit:
                 BZD-intermediate BZD-long BZD-short daridorexant doxepin doxylamine eszopiclone lemborexant placebo ramelteon seltorexant suvorexant trazodone zaleplon zolpidem zopiclone
BZD-intermediate                .   1.9681    1.4853       9.0138  2.3127     5.0573      1.2761    176.8245  1.8590    1.5760     12.2192     3.1116    7.2583  29.1258   1.2940    1.4622
BZD-long                   2.5069        .    1.0962       8.9599  2.3757     5.0233      1.0683    186.4732  1.4480    1.4861     12.1593     2.9297    9.1106  29.0948   1.1184    1.0436
BZD-short                  3.2462   1.8808         .      11.6338  3.0993     6.5252      1.3814    243.5538  1.8515    1.9306     15.8008     3.8058   11.8981  36.9369   1.4311    1.3398
daridorexant               2.3623   1.8435    1.3951            .  1.5526     3.5578      1.1332    110.8688  1.7585    1.2546      8.5891     2.4827    5.3990  20.1890   1.0710    1.3707
doxepin                   38.1644  30.7782   23.4022      97.7658       .    54.4888     18.5639   1285.3090 29.7700   19.1661    129.9337    37.9932   62.7754 267.2725  19.9650   22.9959
doxylamine                 4.3258   3.3732    2.5538      11.6121  2.8243          .      2.0720    201.3536  3.2175    2.2900     15.7894     4.5317    9.8150  36.7617   1.9941    2.5083
eszopiclone                4.7675   3.1335    2.3614      16.1544  4.2028     9.0499           .    326.8603  2.8989    2.7141     21.8773     5.3537   16.0633  52.6111   2.1596    2.2308
lemborexant                2.6522   2.1958    1.6715       6.3452  1.1682     3.5308      1.3123           .  2.1438    1.2991      8.3820     2.5782    3.3068  16.1664   1.4202    1.6451
placebo                    2.3725   1.4508    1.0812       8.5634  2.3023     4.8005      0.9903    182.4110       .    1.3908     11.6302     2.7399    8.9909  28.9330   0.9842    1.0298
ramelteon                  7.5466   5.5865    4.2300      22.9240  5.5614    12.8198      3.4786    414.7366  5.2182         .     30.8556     8.0264   20.3904  71.4866   3.6614    4.1319
seltorexant                1.9102   1.4923    1.1302       5.1234  1.2309     2.8857      0.9154     87.3622  1.4246    1.0074           .     1.9936    4.2601  16.0491   0.8914    1.1100
suvorexant                 3.7574   2.7774    2.1028      11.4396  2.7802     6.3976      1.7305    207.5740  2.5925    2.0241     15.4000          .   10.2058  35.7222   1.8207    2.0538
trazodone                 49.5545  48.8320   37.1684     140.6473 25.9713    78.3406     29.3545   1505.1802 48.0971   29.0724    186.0497    57.7008         . 357.5766  31.5526   36.6939
zaleplon                   1.9688   1.5440    1.1424       5.2073  1.0948     2.9051      0.9519     72.8573  1.5325    1.0091      6.9396     1.9996    3.5403        .   1.0280    1.1531
zolpidem                   3.9980   2.7126    2.0231      12.6260  3.7379     7.2025      1.7859    292.5383  2.3827    2.3624     17.6168     4.6582   14.2785  46.9877        .    1.9707
zopiclone                  3.2722   1.8335    1.3720      11.7047  3.1186     6.5627      1.3363    245.4656  1.8057    1.9311     15.8906     3.8063   12.0280  38.1748   1.4275         .

Random effects model

Treatment estimate (sm = 'OR'):
                 BZD-intermediate BZD-long BZD-short daridorexant doxepin doxylamine eszopiclone lemborexant placebo ramelteon seltorexant suvorexant trazodone zaleplon zolpidem zopiclone
BZD-intermediate                .   0.8860    0.6764       1.9534  0.2462     1.0812      0.5174      8.1652  0.8852    0.4570      2.5292     0.9100    0.3827   3.8463   0.5689    0.6685
BZD-long                   1.1286        .    0.7634       2.2046  0.2778     1.2203      0.5839      9.2154  0.9990    0.5158      2.8545     1.0270    0.4319   4.3409   0.6421    0.7544
BZD-short                  1.4783   1.3099         .       2.8878  0.3639     1.5985      0.7648     12.0710  1.3086    0.6756      3.7390     1.3453    0.5658   5.6861   0.8411    0.9882
daridorexant               0.5119   0.4536    0.3463            .  0.1260     0.5535      0.2649      4.1800  0.4532    0.2339      1.2948     0.4659    0.1959   1.9690   0.2912    0.3422
doxepin                    4.0623   3.5994    2.7479       7.9352       .     4.3923      2.1017     33.1696  3.5959    1.8564     10.2743     3.6967    1.5547  15.6246   2.3111    2.7155
doxylamine                 0.9249   0.8195    0.6256       1.8066  0.2277          .      0.4785      7.5517  0.8187    0.4226      2.3391     0.8416    0.3540   3.5572   0.5262    0.6182
eszopiclone                1.9329   1.7126    1.3075       3.7756  0.4758     2.0899           .     15.7824  1.7110    0.8833      4.8886     1.7589    0.7397   7.4343   1.0997    1.2921
lemborexant                0.1225   0.1085    0.0828       0.2392  0.0301     0.1324      0.0634           .  0.1084    0.0560      0.3098     0.1114    0.0469   0.4711   0.0697    0.0819
placebo                    1.1297   1.0010    0.7642       2.2067  0.2781     1.2215      0.5845      9.2243       .    0.5163      2.8572     1.0280    0.4324   4.3451   0.6427    0.7552
ramelteon                  2.1882   1.9389    1.4802       4.2745  0.5387     2.3660      1.1321     17.8675  1.9370         .      5.5345     1.9913    0.8375   8.4166   1.2449    1.4628
seltorexant                0.3954   0.3503    0.2675       0.7723  0.0973     0.4275      0.2046      3.2284  0.3500    0.1807           .     0.3598    0.1513   1.5208   0.2249    0.2643
suvorexant                 1.0989   0.9737    0.7433       2.1466  0.2705     1.1882      0.5685      8.9727  0.9727    0.5022      2.7793          .    0.4206   4.2266   0.6252    0.7346
trazodone                  2.6129   2.3151    1.7675       5.1040  0.6432     2.8252      1.3518     21.3350  2.3129    1.1941      6.6085     2.3778         .  10.0499   1.4865    1.7466
zaleplon                   0.2600   0.2304    0.1759       0.5079  0.0640     0.2811      0.1345      2.1229  0.2301    0.1188      0.6576     0.2366    0.0995        .   0.1479    0.1738
zolpidem                   1.7577   1.5574    1.1890       3.4335  0.4327     1.9005      0.9094     14.3521  1.5559    0.8033      4.4456     1.5995    0.6727   6.7606        .    1.1750
zopiclone                  1.4960   1.3255    1.0119       2.9222  0.3683     1.6175      0.7740     12.2150  1.3242    0.6836      3.7836     1.3613    0.5725   5.7539   0.8511         .

Lower 95%-confidence limit:
                 BZD-intermediate BZD-long BZD-short daridorexant doxepin doxylamine eszopiclone lemborexant placebo ramelteon seltorexant suvorexant trazodone zaleplon zolpidem zopiclone
BZD-intermediate                .   0.3989    0.3081       0.4233  0.0262     0.2312      0.2098      0.3770  0.4215    0.1325      0.5235     0.2661    0.0202   0.5079   0.2501    0.3056
BZD-long                   0.5081        .    0.5317       0.5425  0.0325     0.2965      0.3191      0.4554  0.6893    0.1790      0.6701     0.3600    0.0205   0.6477   0.3686    0.5454
BZD-short                  0.6733   0.9122         .       0.7168  0.0427     0.3916      0.4235      0.5983  0.9249    0.2364      0.8848     0.4755    0.0269   0.8753   0.4943    0.7289
daridorexant               0.1109   0.1116    0.0860            .  0.0102     0.0861      0.0619      0.1576  0.1168    0.0436      0.1952     0.0874    0.0071   0.1920   0.0792    0.0854
doxepin                    0.4324   0.4209    0.3227       0.6441       .     0.3541      0.2379      0.8560  0.4343    0.1798      0.8124     0.3597    0.0385   0.9134   0.2675    0.3207
doxylamine                 0.1977   0.1991    0.1533       0.2811  0.0184          .      0.1105      0.2832  0.2083    0.0780      0.3465     0.1563    0.0128   0.3442   0.1388    0.1524
eszopiclone                0.7836   0.9360    0.7239       0.8825  0.0539     0.4826           .      0.7620  1.0098    0.2875      1.0924     0.5779    0.0341   1.0505   0.5599    0.7483
lemborexant                0.0057   0.0054    0.0041       0.0090  0.0008     0.0050      0.0031           .  0.0055    0.0024      0.0114     0.0048    0.0007   0.0137   0.0034    0.0041
placebo                    0.5379   0.6906    0.5401       0.5687  0.0336     0.3108      0.3450      0.4665       .    0.1916      0.7019     0.3857    0.0208   0.6525   0.4197    0.5538
ramelteon                  0.6345   0.6729    0.5180       0.7970  0.0522     0.4367      0.3684      0.7698  0.7190         .      0.9927     0.4940    0.0344   0.9909   0.4233    0.5178
seltorexant                0.0818   0.0822    0.0633       0.1164  0.0077     0.0633      0.0457      0.1193  0.0860    0.0324           .     0.0649    0.0054   0.1441   0.0568    0.0629
suvorexant                 0.3214   0.3413    0.2628       0.4028  0.0263     0.2207      0.1868      0.3879  0.3650    0.1246      0.5016          .    0.0173   0.5001   0.2147    0.2627
trazodone                  0.1378   0.1098    0.0840       0.1852  0.0159     0.1019      0.0623      0.3024  0.1112    0.0490      0.2347     0.0980         .   0.2825   0.0700    0.0831
zaleplon                   0.0343   0.0344    0.0271       0.0495  0.0037     0.0272      0.0190      0.0619  0.0346    0.0140      0.0623     0.0280    0.0028        .   0.0213    0.0262
zolpidem                   0.7728   0.8942    0.6988       0.9337  0.0501     0.5015      0.4630      0.7041  1.0160    0.2731      1.1218     0.5492    0.0317   0.9727        .    0.7005
zopiclone                  0.6839   0.9582    0.7464       0.7296  0.0435     0.3987      0.4483      0.6078  0.9711    0.2420      0.9009     0.4869    0.0273   0.8673   0.5074         .

Upper 95%-confidence limit:
                 BZD-intermediate BZD-long BZD-short daridorexant doxepin doxylamine eszopiclone lemborexant placebo ramelteon seltorexant suvorexant trazodone zaleplon zolpidem zopiclone
BZD-intermediate                .   1.9681    1.4853       9.0138  2.3127     5.0573      1.2761    176.8245  1.8590    1.5760     12.2192     3.1116    7.2583  29.1258   1.2940    1.4622
BZD-long                   2.5069        .    1.0962       8.9599  2.3757     5.0233      1.0683    186.4732  1.4480    1.4861     12.1593     2.9297    9.1106  29.0948   1.1184    1.0436
BZD-short                  3.2462   1.8808         .      11.6338  3.0993     6.5252      1.3814    243.5538  1.8515    1.9306     15.8008     3.8058   11.8981  36.9369   1.4311    1.3398
daridorexant               2.3623   1.8435    1.3951            .  1.5526     3.5578      1.1332    110.8688  1.7585    1.2546      8.5891     2.4827    5.3990  20.1890   1.0710    1.3707
doxepin                   38.1644  30.7782   23.4022      97.7658       .    54.4888     18.5639   1285.3090 29.7700   19.1661    129.9337    37.9932   62.7754 267.2725  19.9650   22.9959
doxylamine                 4.3258   3.3732    2.5538      11.6121  2.8243          .      2.0720    201.3536  3.2175    2.2900     15.7894     4.5317    9.8150  36.7617   1.9941    2.5083
eszopiclone                4.7675   3.1335    2.3614      16.1544  4.2028     9.0499           .    326.8603  2.8989    2.7141     21.8773     5.3537   16.0633  52.6111   2.1596    2.2308
lemborexant                2.6522   2.1958    1.6715       6.3452  1.1682     3.5308      1.3123           .  2.1438    1.2991      8.3820     2.5782    3.3068  16.1664   1.4202    1.6451
placebo                    2.3725   1.4508    1.0812       8.5634  2.3023     4.8005      0.9903    182.4110       .    1.3908     11.6302     2.7399    8.9909  28.9330   0.9842    1.0298
ramelteon                  7.5466   5.5865    4.2300      22.9240  5.5614    12.8198      3.4786    414.7366  5.2182         .     30.8556     8.0264   20.3904  71.4866   3.6614    4.1319
seltorexant                1.9102   1.4923    1.1302       5.1234  1.2309     2.8857      0.9154     87.3622  1.4246    1.0074           .     1.9936    4.2601  16.0491   0.8914    1.1100
suvorexant                 3.7574   2.7774    2.1028      11.4396  2.7802     6.3976      1.7305    207.5740  2.5925    2.0241     15.4000          .   10.2058  35.7222   1.8207    2.0538
trazodone                 49.5545  48.8320   37.1684     140.6473 25.9713    78.3406     29.3545   1505.1802 48.0971   29.0724    186.0497    57.7008         . 357.5766  31.5526   36.6939
zaleplon                   1.9688   1.5440    1.1424       5.2073  1.0948     2.9051      0.9519     72.8573  1.5325    1.0091      6.9396     1.9996    3.5403        .   1.0280    1.1531
zolpidem                   3.9980   2.7126    2.0231      12.6260  3.7379     7.2025      1.7859    292.5383  2.3827    2.3624     17.6168     4.6582   14.2785  46.9877        .    1.9707
zopiclone                  3.2722   1.8335    1.3720      11.7047  3.1186     6.5627      1.3363    245.4656  1.8057    1.9311     15.8906     3.8063   12.0280  38.1748   1.4275         .

Quantifying heterogeneity / inconsistency:
tau^2 = 0; tau = 0; I^2 = 0% [0.0%; 43.9%]

Tests of heterogeneity (within designs) and inconsistency (between designs):
                    Q d.f. p-value
Total           19.49   24  0.7251
Within designs   5.94    9  0.7456
Between designs 13.55   15  0.5598
[1] "A total of 16 treatments are included in the network."
[1] "A total of 30 studies are included in this analysis."
[1] "Estimated heterogeneity tau-squared0"
[1] "Global test for inconsistency, p-value 0.55984 (Q=14, d.o.f. 15)"
[1] "File created by E. G. Ostinelli on 2022-01-08"
