Number of studies: k = 106
Number of treatments: n = 28
Number of pairwise comparisons: m = 156
Number of designs: d = 60

Fixed effects model

Treatment estimate (sm = 'OR'):
               brotizolam daridorexant diphenydramine doxepin doxylamine estazolam eszopiclone flunitrazepam flurazepam lemborexant loprazolam lormetazepam melatonin midazolam nitrazepam placebo quazepam quetiapine ramelteon seltorexant suvorexant temazepam trazodone triazolam trimipramine zaleplon zolpidem zopiclone
brotizolam              .       0.5430         0.4429  0.7619     1.2317    0.7559      0.8329        0.8418     0.6285      0.9430     1.1282       0.9519    0.7463    0.5310     1.1423  0.6854   0.7912     1.5993    0.5934      1.5964     0.8074    0.8567    0.7591    0.6314       0.9428   0.7422   0.7871    0.6882
daridorexant       1.8418            .         0.8157  1.4033     2.2684    1.3923      1.5340        1.5504     1.1576      1.7369     2.0778       1.7533    1.3746    0.9780     2.1039  1.2624   1.4573     2.9456    1.0929      2.9403     1.4871    1.5779    1.3981    1.1628       1.7364   1.3670   1.4497    1.2675
diphenydramine     2.2579       1.2259              .  1.7204     2.7810    1.7069      1.8805        1.9007     1.4192      2.1293     2.5473       2.1494    1.6852    1.1990     2.5793  1.5476   1.7866     3.6111    1.3398      3.6046     1.8231    1.9344    1.7140    1.4256       2.1288   1.6759   1.7773    1.5538
doxepin            1.3124       0.7126         0.5813       .     1.6165    0.9921      1.0931        1.1048     0.8249      1.2377     1.4806       1.2494    0.9795    0.6969     1.4992  0.8996   1.0385     2.0990    0.7788      2.0952     1.0597    1.1244    0.9963    0.8286       1.2374   0.9741   1.0330    0.9032
doxylamine         0.8119       0.4408         0.3596  0.6186          .    0.6138      0.6762        0.6835     0.5103      0.7657     0.9160       0.7729    0.6060    0.4311     0.9275  0.5565   0.6424     1.2985    0.4818      1.2962     0.6555    0.6956    0.6163    0.5126       0.7655   0.6026   0.6391    0.5587
estazolam          1.3228       0.7182         0.5859  1.0079     1.6293         .      1.1018        1.1135     0.8315      1.2475     1.4924       1.2593    0.9873    0.7025     1.5111  0.9067   1.0467     2.1157    0.7850      2.1118     1.0681    1.1333    1.0042    0.8352       1.2472   0.9819   1.0412    0.9103
eszopiclone        1.2007       0.6519         0.5318  0.9148     1.4788    0.9076           .        1.0107     0.7547      1.1323     1.3546       1.1430    0.8961    0.6376     1.3716  0.8230   0.9500     1.9202    0.7125      1.9168     0.9694    1.0287    0.9115    0.7581       1.1320   0.8912   0.9451    0.8263
flunitrazepam      1.1880       0.6450         0.5261  0.9052     1.4632    0.8980      0.9894             .     0.7467      1.1203     1.3402       1.1309    0.8866    0.6308     1.3570  0.8143   0.9400     1.8999    0.7049      1.8965     0.9592    1.0178    0.9018    0.7500       1.1200   0.8818   0.9351    0.8175
flurazepam         1.5910       0.8638         0.7046  1.2123     1.9596    1.2027      1.3251        1.3393          .      1.5004     1.7949       1.5145    1.1874    0.8449     1.8175  1.0905   1.2589     2.5445    0.9441      2.5399     1.2846    1.3631    1.2078    1.0045       1.5000   1.1809   1.2523    1.0949
lemborexant        1.0604       0.5757         0.4696  0.8080     1.3060    0.8016      0.8832        0.8926     0.6665           .     1.1963       1.0094    0.7914    0.5631     1.2113  0.7268   0.8390     1.6959    0.6292      1.6928     0.8562    0.9085    0.8050    0.6695       0.9997   0.7871   0.8347    0.7297
loprazolam         0.8864       0.4813         0.3926  0.6754     1.0917    0.6701      0.7383        0.7461     0.5571      0.8359          .       0.8438    0.6616    0.4707     1.0126  0.6076   0.7014     1.4176    0.5260      1.4151     0.7157    0.7594    0.6729    0.5596       0.8357   0.6579   0.6977    0.6100
lormetazepam       1.0505       0.5704         0.4652  0.8004     1.2938    0.7941      0.8749        0.8843     0.6603      0.9907     1.1851            .    0.7840    0.5578     1.2000  0.7200   0.8312     1.6801    0.6233      1.6770     0.8482    0.9000    0.7974    0.6632       0.9904   0.7797   0.8269    0.7229
melatonin          1.3399       0.7275         0.5934  1.0209     1.6503    1.0129      1.1159        1.1279     0.8422      1.2636     1.5116       1.2755         .    0.7115     1.5306  0.9184   1.0602     2.1429    0.7951      2.1390     1.0818    1.1479    1.0171    0.8459       1.2632   0.9945   1.0546    0.9221
midazolam          1.8831       1.0225         0.8340  1.4349     2.3194    1.4235      1.5684        1.5852     1.1836      1.7759     2.1245       1.7926    1.4055         .     2.1512  1.2907   1.4900     3.0117    1.1174      3.0063     1.5205    1.6134    1.4295    1.1889       1.7754   1.3977   1.4823    1.2959
nitrazepam         0.8754       0.4753         0.3877  0.6670     1.0782    0.6618      0.7291        0.7369     0.5502      0.8255     0.9876       0.8333    0.6533    0.4649          .  0.6000   0.6927     1.4000    0.5194      1.3975     0.7068    0.7500    0.6645    0.5527       0.8253   0.6498   0.6890    0.6024
placebo            1.4590       0.7921         0.6462  1.1116     1.7969    1.1029      1.2151        1.2281     0.9170      1.3759     1.6459       1.3888    1.0889    0.7747     1.6666       .   1.1544     2.3333    0.8657      2.3291     1.1780    1.2499    1.1075    0.9211       1.3755   1.0829   1.1484    1.0040
quazepam           1.2638       0.6862         0.5597  0.9630     1.5566    0.9554      1.0526        1.0639     0.7944      1.1919     1.4258       1.2031    0.9433    0.6711     1.4437  0.8663        .     2.0213    0.7499      2.0176     1.0204    1.0828    0.9594    0.7979       1.1915   0.9381   0.9948    0.8697
quetiapine         0.6253       0.3395         0.2769  0.4764     0.7701    0.4727      0.5208        0.5263     0.3930      0.5897     0.7054       0.5952    0.4667    0.3320     0.7143  0.4286   0.4947          .    0.3710      0.9982     0.5048    0.5357    0.4747    0.3948       0.5895   0.4641   0.4922    0.4303
ramelteon          1.6852       0.9150         0.7464  1.2841     2.0756    1.2740      1.4036        1.4186     1.0592      1.5893     1.9012       1.6043    1.2578    0.8949     1.9251  1.1551   1.3334     2.6952         .      2.6904     1.3607    1.4438    1.2793    1.0640       1.5889   1.2509   1.3265    1.1597
seltorexant        0.6264       0.3401         0.2774  0.4773     0.7715    0.4735      0.5217        0.5273     0.3937      0.5907     0.7067       0.5963    0.4675    0.3326     0.7156  0.4293   0.4956     1.0018    0.3717           .     0.5058    0.5367    0.4755    0.3955       0.5906   0.4649   0.4931    0.4311
suvorexant         1.2385       0.6725         0.5485  0.9437     1.5255    0.9363      1.0315        1.0426     0.7785      1.1680     1.3973       1.1790    0.9244    0.6577     1.4148  0.8489   0.9800     1.9808    0.7349      1.9772          .    1.0611    0.9402    0.7820       1.1677   0.9193   0.9749    0.8523
temazepam          1.1672       0.6337         0.5169  0.8894     1.4376    0.8824      0.9721        0.9825     0.7336      1.1007     1.3168       1.1111    0.8711    0.6198     1.3334  0.8000   0.9236     1.8667    0.6926      1.8634     0.9424         .    0.8861    0.7369       1.1005   0.8664   0.9187    0.8032
trazodone          1.3173       0.7152         0.5834  1.0037     1.6225    0.9958      1.0971        1.1089     0.8280      1.2423     1.4861       1.2540    0.9832    0.6995     1.5048  0.9029   1.0423     2.1068    0.7817      2.1030     1.0636    1.1286         .    0.8317       1.2420   0.9778   1.0369    0.9065
triazolam          1.5839       0.8600         0.7015  1.2068     1.9508    1.1973      1.3192        1.3333     0.9955      1.4937     1.7869       1.5078    1.1821    0.8411     1.8093  1.0856   1.2532     2.5331    0.9398      2.5285     1.2788    1.3570    1.2023         .       1.4933   1.1756   1.2467    1.0900
trimipramine       1.0607       0.5759         0.4698  0.8082     1.3064    0.8018      0.8834        0.8929     0.6667      1.0003     1.1966       1.0097    0.7916    0.5632     1.2116  0.7270   0.8392     1.6963    0.6294      1.6933     0.8564    0.9087    0.8052    0.6697            .   0.7873   0.8349    0.7299
zaleplon           1.3473       0.7315         0.5967  1.0265     1.6594    1.0185      1.1221        1.1341     0.8468      1.2705     1.5199       1.2825    1.0055    0.7154     1.5390  0.9234   1.0660     2.1547    0.7994      2.1508     1.0878    1.1543    1.0227    0.8506       1.2702        .   1.0605    0.9272
zolpidem           1.2704       0.6898         0.5627  0.9680     1.5648    0.9604      1.0581        1.0694     0.7985      1.1981     1.4333       1.2094    0.9482    0.6746     1.4513  0.8708   1.0052     2.0318    0.7539      2.0282     1.0258    1.0884    0.9644    0.8021       1.1978   0.9430        .    0.8743
zopiclone          1.4531       0.7890         0.6436  1.1072     1.7898    1.0985      1.2103        1.2232     0.9133      1.3704     1.6394       1.3833    1.0845    0.7716     1.6600  0.9960   1.1498     2.3240    0.8623      2.3198     1.1733    1.2449    1.1031    0.9175       1.3700   1.0786   1.1438         .

Lower 95%-confidence limit:
               brotizolam daridorexant diphenydramine doxepin doxylamine estazolam eszopiclone flunitrazepam flurazepam lemborexant loprazolam lormetazepam melatonin midazolam nitrazepam placebo quazepam quetiapine ramelteon seltorexant suvorexant temazepam trazodone triazolam trimipramine zaleplon zolpidem zopiclone
brotizolam              .       0.1885         0.1092  0.2669     0.3368    0.3007      0.3105        0.3106     0.2193      0.3391     0.4157       0.2552    0.2569    0.1737     0.3724  0.2649   0.1482     0.0970    0.2255      0.4040     0.2814    0.3041    0.2252    0.2387       0.1978   0.2738   0.2999    0.2589
daridorexant       0.6394            .         0.2641  0.7384     0.8376    0.7217      0.8984        0.8890     0.5788      0.9553     1.1876       0.6309    0.7033    0.4602     0.9889  0.7937   0.3386     0.2026    0.6643      0.9835     0.7764    0.8467    0.5755    0.6958       0.4625   0.7862   0.8866    0.7525
diphenydramine     0.5568       0.3970              .  0.5617     0.7177    0.5524      0.6505        0.6503     0.4496      0.7125     0.8701       0.5444    0.5413    0.3657     0.7864  0.5538   0.3188     0.2132    0.4720      0.8638     0.5925    0.6384    0.4782    0.4983       0.4257   0.5741   0.6272    0.5410
doxepin            0.4597       0.3750         0.1898       .     0.6021    0.5216      0.6514        0.6440     0.4180      0.6912     0.8603       0.4536    0.5082    0.3318     0.7133  0.5772   0.2428     0.1448    0.4884      0.7065     0.5613    0.6120    0.4141    0.5048       0.3319   0.5693   0.6423    0.5456
doxylamine         0.2220       0.1628         0.0928  0.2304          .    0.2265      0.2693        0.2691     0.1840      0.2942     0.3600       0.2179    0.2216    0.1494     0.3204  0.2303   0.1246     0.0805    0.1958      0.3450     0.2429    0.2638    0.1939    0.2070       0.1674   0.2386   0.2643    0.2249
estazolam          0.5262       0.3723         0.1896  0.5299     0.6013         .      0.6458        0.6415     0.4469      0.6856     0.8578       0.4531    0.5047    0.3331     0.7115  0.5693   0.2449     0.1455    0.4766      0.7061     0.5571    0.6101    0.4132    0.5038       0.3321   0.5642   0.6364    0.5437
eszopiclone        0.4476       0.3818         0.1839  0.5452     0.5890    0.5320           .        0.6843     0.4246      0.7141     0.9066       0.4431    0.5159    0.3366     0.7201  0.6304   0.2325     0.1357    0.5165      0.6865     0.5722    0.6329    0.4090    0.5436       0.3190   0.5967   0.6938    0.6060
flunitrazepam      0.4383       0.3698         0.1800  0.5277     0.5762    0.5173      0.6698             .     0.4194      0.6900     0.9112       0.4337    0.5000    0.3305     0.7070  0.5989   0.2297     0.1336    0.4938      0.6722     0.5540    0.6193    0.3996    0.5568       0.3129   0.5755   0.6667    0.5919
flurazepam         0.5550       0.4319         0.2232  0.6142     0.7064    0.6465      0.7455        0.7522          .      0.7931     1.0137       0.5328    0.5859    0.4003     0.8347  0.6515   0.2992     0.1734    0.5470      0.8311     0.6461    0.7167    0.4842    0.5986       0.3924   0.6512   0.7320    0.6315
lemborexant        0.3813       0.3167         0.1571  0.4512     0.5019    0.4405      0.5569        0.5498     0.3523           .     0.7340       0.3770    0.4286    0.2792     0.5990  0.4983   0.2000     0.1182    0.4141      0.5869     0.4740    0.5206    0.3467    0.4334       0.2739   0.4879   0.5608    0.4687
loprazolam         0.3266       0.2751         0.1341  0.3924     0.4290    0.3851      0.4941        0.5073     0.3147      0.5129          .       0.3238    0.3719    0.2457     0.5365  0.4443   0.1718     0.0997    0.3666      0.5007     0.4120    0.4650    0.2976    0.4299       0.2334   0.4276   0.4944    0.4268
lormetazepam       0.2817       0.2052         0.1178  0.2906     0.3647    0.2857      0.3392        0.3392     0.2323      0.3700     0.4548            .    0.2796    0.1886     0.4298  0.2896   0.1587     0.1033    0.2463      0.4367     0.3064    0.3317    0.2816    0.2607       0.2922   0.2992   0.3290    0.2833
melatonin          0.4612       0.3722         0.1906  0.5297     0.6034    0.5178      0.6425        0.6361     0.4155      0.6842     0.8498       0.4548         .    0.3306     0.7106  0.5663   0.2448     0.1469    0.4746      0.7092     0.5570    0.6066    0.4141    0.4972       0.3342   0.5622   0.6317    0.5377
midazolam          0.6159       0.4811         0.2544  0.6832     0.8037    0.6750      0.8279        0.8306     0.5609      0.8806     1.1088       0.6059    0.6530         .     0.9402  0.7120   0.3328     0.2018    0.6002      0.9484     0.7190    0.9046    0.5487    0.6456       0.4498   0.7214   0.8109    0.7163
nitrazepam         0.2854       0.2234         0.1182  0.3173     0.3724    0.3116      0.3828        0.3839     0.2527      0.4082     0.5233       0.2984    0.3033    0.2032          .  0.3307   0.1542     0.0938    0.2788      0.4397     0.3340    0.3666    0.2573    0.2996       0.2141   0.3338   0.3730    0.3270
placebo            0.5638       0.4980         0.2312  0.7133     0.7436    0.6925      0.9308        0.9033     0.5478      0.9432     1.2037       0.5586    0.6715    0.4274     0.9185       .   0.2893     0.1671    0.7230      0.8633     0.7474    0.8245    0.5193    0.7387       0.3985   0.8000   0.9687    0.7905
quazepam           0.2368       0.1595         0.0999  0.2252     0.3018    0.2235      0.2576        0.2600     0.1888      0.2841     0.3493       0.2297    0.2178    0.1499     0.3214  0.2171        .     0.1029    0.1858      0.3677     0.2378    0.2565    0.1983    0.1996       0.1861   0.2277   0.2472    0.2147
quetiapine         0.0379       0.0233         0.0163  0.0329     0.0478    0.0325      0.0368        0.0370     0.0268      0.0411     0.0496       0.0366    0.0320    0.0223     0.0479  0.0307   0.0252          .    0.0264      0.0597     0.0348    0.0371    0.0306    0.0280       0.0320   0.0327   0.0351    0.0305
ramelteon          0.6404       0.5562         0.2629  0.8052     0.8435    0.7735      1.0175        0.9936     0.6138      1.0460     1.3250       0.6339    0.7508    0.4807     1.0331  0.9647   0.3303     0.1918         .      0.9812     0.8342    0.9175    0.5873    0.8003       0.4544   0.8794   1.0354    0.8598
seltorexant        0.1585       0.1138         0.0665  0.1609     0.2053    0.1583      0.1869        0.1869     0.1288      0.2048     0.2500       0.1553    0.1550    0.1049     0.2251  0.1591   0.0903     0.0599    0.1356           .     0.1697    0.1838    0.1371    0.1434       0.1208   0.1655   0.1823    0.1558
suvorexant         0.4317       0.3511         0.1783  0.4999     0.5653    0.4884      0.6088        0.6022     0.3915      0.6467     0.8044       0.4259    0.4759    0.3110     0.6686  0.5386   0.2284     0.1364    0.4506      0.6636          .    0.5728    0.3886    0.4716       0.3120   0.5322   0.5998    0.5098
temazepam          0.4143       0.3401         0.1706  0.4841     0.5453    0.4750      0.5981        0.5978     0.3858      0.6307     0.8064       0.4095    0.4603    0.3475     0.6517  0.5277   0.2188     0.1294    0.4401      0.6382     0.5087         .    0.3762    0.4738       0.2982   0.5230   0.6026    0.5131
trazodone          0.3908       0.2944         0.1628  0.4172     0.5104    0.4098      0.4923        0.4913     0.3319      0.5351     0.6572       0.4429    0.4003    0.2685     0.5826  0.4233   0.2154     0.1356    0.3588      0.6064     0.4396    0.4792         .    0.3793       0.3085   0.4358   0.4865    0.4121
triazolam          0.5987       0.5146         0.2452  0.7352     0.7876    0.7222      0.9460        0.9898     0.5933      0.9670     1.3727       0.5927    0.6948    0.4567     0.9807  0.8706   0.3135     0.1797    0.7069      0.9165     0.7713    0.8724    0.5483         .       0.4249   0.8131   0.9603    0.8317
trimipramine       0.2226       0.1534         0.0939  0.2168     0.2857    0.2135      0.2489        0.2494     0.1744      0.2741     0.3342       0.2979    0.2094    0.1427     0.3143  0.2106   0.1311     0.0921    0.1800      0.3464     0.2288    0.2463    0.2000    0.1905            .   0.2201   0.2396    0.2071
zaleplon           0.4969       0.4207         0.2044  0.5999     0.6569    0.5853      0.7514        0.7402     0.4670      0.7875     0.9878       0.4921    0.5684    0.3692     0.7907  0.6822   0.2588     0.1516    0.5620      0.7656     0.6298    0.6968    0.4558    0.5883       0.3551        .   0.7770    0.6360
zolpidem           0.4841       0.4219         0.1986  0.6019     0.6472    0.5870      0.7768        0.7626     0.4668      0.8049     1.0157       0.4813    0.5680    0.3691     0.7855  0.7346   0.2497     0.1447    0.5884      0.7497     0.6311    0.7139    0.4525    0.6179       0.3437   0.6909        .    0.6708
zopiclone          0.5466       0.4684         0.2241  0.6689     0.7205    0.6560      0.8876        0.8857     0.5268      0.8801     1.1470       0.5421    0.6324    0.4265     0.9011  0.7842   0.2839     0.1646    0.6392      0.8385     0.7018    0.7952    0.5015    0.7000       0.3887   0.7398   0.8776         .

Upper 95%-confidence limit:
               brotizolam daridorexant diphenydramine doxepin doxylamine estazolam eszopiclone flunitrazepam flurazepam lemborexant loprazolam lormetazepam melatonin midazolam nitrazepam placebo quazepam quetiapine ramelteon seltorexant suvorexant temazepam trazodone triazolam trimipramine zaleplon zolpidem zopiclone
brotizolam              .       1.5639         1.7959  2.1755     4.5043    1.9006      2.2340        2.2813     1.8016      2.6224     3.0619       3.5505    2.1684    1.6237     3.5038  1.7736   4.2237    26.3710    1.5616      6.3080     2.3164    2.4140    2.5587    1.6703       4.4932   2.0123   2.0656    1.8295
daridorexant       5.3048            .         2.5190  2.6669     6.1435    2.6860      2.6192        2.7038     2.3153      3.1578     3.6355       4.8721    2.6867    2.0786     4.4763  2.0079   6.2714    42.8348    1.7979      8.7902     2.8482    2.9405    3.3964    1.9432       6.5186   2.3770   2.3705    2.1348
diphenydramine     9.1559       3.7859              .  5.2693    10.7752    5.2738      5.4369        5.5554     4.4799      6.3636     7.4579       8.4858    5.2465    3.9309     8.4601  4.3248  10.0129    61.1742    3.8032     15.0421     5.6089    5.8621    6.1440    4.0782      10.6454   4.8925   5.0364    4.4629
doxepin            3.7473       1.3542         1.7803       .     4.3398    1.8872      1.8342        1.8951     1.6281      2.2163     2.5483       3.4411    1.8880    1.4638     3.1513  1.4020   4.4409    30.4184    1.2419      6.2139     2.0006    2.0659    2.3968    1.3601       4.6130   1.6670   1.6615    1.4951
doxylamine         2.9693       1.1939         1.3932  1.6609          .    1.6630      1.6977        1.7356     1.4156      1.9924     2.3309       2.7420    1.6572    1.2442     2.6851  1.3448   3.3132    20.9354    1.1856      4.8699     1.7690    1.8340    1.9594    1.2696       3.5003   1.5222   1.5452    1.3879
estazolam          3.3259       1.3857         1.8102  1.9173     4.4145         .      1.8797        1.9330     1.5469      2.2700     2.5965       3.5001    1.9314    1.4814     3.2093  1.4440   4.4735    30.7729    1.2929      6.3162     2.0476    2.1052    2.4405    1.3846       4.6833   1.7087   1.7036    1.5243
eszopiclone        3.2205       1.1131         1.5374  1.5351     3.7127    1.5485           .        1.4929     1.3414      1.7955     2.0239       2.9485    1.5564    1.2079     2.6123  1.0743   3.8821    27.1780    0.9828      5.3516     1.6425    1.6720    2.0311    1.0571       4.0174   1.3309   1.2873    1.1266
flunitrazepam      3.2195       1.1249         1.5378  1.5527     3.7156    1.5588      1.4614             .     1.3294      1.8188     1.9711       2.9485    1.5721    1.2040     2.6048  1.1070   3.8456    27.0086    1.0064      5.3503     1.6607    1.6727    2.0354    1.0103       4.0089   1.3510   1.3114    1.1291
flurazepam         4.5605       1.7277         2.2243  2.3926     5.4356    2.2375      2.3554        2.3846          .      2.8386     3.1781       4.3053    2.4067    1.7830     3.9574  1.8253   5.2972    37.3490    1.6293      7.7618     2.5541    2.5923    3.0126    1.6856       5.7341   2.1415   2.1424    1.8983
lemborexant        2.9486       1.0467         1.4035  1.4468     3.3985    1.4586      1.4005        1.4492     1.2609           .     1.9497       2.7028    1.4615    1.1356     2.4495  1.0602   3.5199    24.3279    0.9560      4.8827     1.5463    1.5855    1.8688    1.0341       3.6488   1.2698   1.2424    1.1362
loprazolam         2.4057       0.8421         1.1494  1.1624     2.7782    1.1658      1.1031        1.0974     0.9864      1.3623          .       2.1989    1.1767    0.9019     1.9109  0.8308   2.8630    20.1661    0.7547      3.9995     1.2432    1.2402    1.5215    0.7285       2.9927   1.0124   0.9845    0.8718
lormetazepam       3.9180       1.5850         1.8368  2.2046     4.5902    2.2072      2.2570        2.3055     1.8769      2.6525     3.0884            .    2.1987    1.6503     3.3507  1.7903   4.3528    27.3371    1.5775      6.4409     2.3478    2.4422    2.2578    1.6872       3.3570   2.0319   2.0779    1.8446
melatonin          3.8929       1.4219         1.8475  1.9678     4.5132    1.9814      1.9382        1.9999     1.7069      2.3334     2.6887       3.5770         .    1.5314     3.2966  1.4893   4.5914    31.2689    1.3319      6.4514     2.1012    2.1724    2.4982    1.4393       4.7755   1.7594   1.7607    1.5812
midazolam          5.7580       2.1730         2.7343  3.0137     6.6932    3.0021      2.9712        3.0255     2.4979      3.5813     4.0706       5.3034    3.0249         .     4.9219  2.3398   6.6704    44.9387    2.0803      9.5300     3.2151    2.8773    3.7246    2.1897       7.0072   2.7083   2.7094    2.3447
nitrazepam         2.6851       1.0113         1.2717  1.4020     3.1214    1.4054      1.3886        1.4144     1.1981      1.6694     1.8638       2.3269    1.4072    1.0636          .  1.0887   3.1113    20.8946    0.9679      4.4415     1.4957    1.5345    1.7164    1.0197       3.1820   1.2647   1.2730    1.1098
placebo            3.7751       1.2600         1.8057  1.7325     4.3422    1.7565      1.5863        1.6697     1.5349      2.0070     2.2508       3.4533    1.7658    1.4044     3.0240       .   4.6057    32.5837    1.0366      6.2836     1.8566    1.8950    2.3622    1.1486       4.7477   1.4659   1.3613    1.2751
quazepam           6.7465       2.9531         3.1371  4.1181     8.0281    4.0833      4.3014        4.3526     3.3426      5.0001     5.8204       6.3004    4.0851    3.0045     6.4851  3.4562        .    39.6979    3.0272     11.0699     4.3790    4.5703    4.6421    3.1902       7.6301   3.8644   4.0041    3.5227
quetiapine        10.3100       4.9369         4.6912  6.9042    12.4164    6.8751      7.3706        7.4822     5.7686      8.4587    10.0346       9.6851    6.8096    4.9543    10.6599  5.9848   9.7167          .    5.2131     16.6985     7.3300    7.7288    7.3742    5.5638      10.8546   6.5942   6.9106    6.0741
ramelteon          4.4350       1.5053         2.1186  2.0477     5.1078    2.0983      1.9362        2.0253     1.8280      2.4147     2.7280       4.0598    2.1070    1.6661     3.5872  1.3830   5.3826    37.8695         .      7.3769     2.2195    2.2721    2.7868    1.4147       5.5560   1.7792   1.6994    1.5644
seltorexant        2.4751       1.0168         1.1577  1.4155     2.8987    1.4162      1.4566        1.4876     1.2032      1.7038     1.9974       2.2902    1.4100    1.0544     2.2741  1.1583   2.7193    16.7588    1.0192           .     1.5069    1.5670    1.6491    1.0911       2.8865   1.3061   1.3338    1.1926
suvorexant         3.5533       1.2880         1.6876  1.7816     4.1164    1.7949      1.7477        1.8051     1.5478      2.1096     2.4271       3.2636    1.7954    1.3908     2.9940  1.3380   4.2054    28.7599    1.1988      5.8912          .    1.9657    2.2748    1.2965       4.3700   1.5878   1.5845    1.4249
temazepam          3.2888       1.1810         1.5665  1.6340     3.7904    1.6390      1.5801        1.6148     1.3953      1.9210     2.1504       3.0151    1.6486    1.1054     2.7280  1.2129   3.8982    26.9328    1.0899      5.4410     1.7458         .    2.0870    1.1463       4.0605   1.4351   1.4007    1.2575
trazodone          4.4402       1.7375         2.0913  2.4147     5.1580    2.4201      2.4450        2.5028     2.0653      2.8841     3.3605       3.5505    2.4148    1.8226     3.8868  1.9258   5.0432    32.7313    1.7028      7.2933     2.5734    2.6582         .    1.8238       5.0000   2.1938   2.2100    1.9940
triazolam          4.1902       1.4371         2.0067  1.9809     4.8316    1.9850      1.8396        1.7959     1.6705      2.3072     2.3261       3.8356    2.0112    1.5490     3.3381  1.3537   5.0104    35.7012    1.2496      6.9757     2.1204    2.1107    2.6366         .       5.2485   1.6997   1.6184    1.4285
trimipramine       5.0549       2.1619         2.3491  3.0130     5.9738    3.0109      3.1351        3.1958     2.5485      3.6507     4.2851       3.4224    2.9926    2.2230     4.6714  2.5093   5.3741    31.2349    2.2009      8.2762     3.2050    3.3530    3.2415    2.3537            .   2.8160   2.9096    2.5726
zaleplon           3.6526       1.2720         1.7419  1.7566     4.1915    1.7723      1.6758        1.7376     1.5356      2.0498     2.3389       3.3422    1.7789    1.3863     2.9956  1.2501   4.3915    30.6154    1.1371      6.0423     1.8788    1.9120    2.2947    1.2298       4.5434        .   1.4473    1.3516
zolpidem           3.3340       1.1279         1.5945  1.5569     3.7833    1.5713      1.4413        1.4998     1.3660      1.7833     2.0225       3.0392    1.5830    1.2332     2.6812  1.0323   4.0461    28.5297    0.9658      5.4867     1.6672    1.6594    2.0556    1.0413       4.1743   1.2870        .    1.1394
zopiclone          3.8631       1.3289         1.8485  1.8328     4.4459    1.8393      1.6502        1.6894     1.5835      2.1336     2.3430       3.5296    1.8598    1.3961     3.0579  1.2650   4.6570    32.8063    1.1631      6.4183     1.9615    1.9490    2.4263    1.2024       4.8286   1.5724   1.4907         .

Random effects model

Treatment estimate (sm = 'OR'):
               brotizolam daridorexant diphenydramine doxepin doxylamine estazolam eszopiclone flunitrazepam flurazepam lemborexant loprazolam lormetazepam melatonin midazolam nitrazepam placebo quazepam quetiapine ramelteon seltorexant suvorexant temazepam trazodone triazolam trimipramine zaleplon zolpidem zopiclone
brotizolam              .       0.5449         0.4437  0.7644     1.2214    0.7565      0.8309        0.8391     0.6278      0.9479     1.0973       0.9514    0.7473    0.5266     1.1263  0.6867   0.7907     1.6023    0.5941      1.5850     0.8104    0.8460    0.7534    0.6300       0.9431   0.7377   0.7722    0.6882
daridorexant       1.8351            .         0.8143  1.4029     2.2415    1.3883      1.5249        1.5399     1.1521      1.7396     2.0136       1.7460    1.3713    0.9664     2.0669  1.2602   1.4510     2.9404    1.0902      2.9088     1.4872    1.5525    1.3825    1.1561       1.7308   1.3538   1.4171    1.2630
diphenydramine     2.2538       1.2281              .  1.7229     2.7528    1.7050      1.8728        1.8912     1.4150      2.1364     2.4730       2.1443    1.6841    1.1868     2.5384  1.5476   1.7820     3.6111    1.3389      3.5723     1.8265    1.9067    1.6979    1.4198       2.1256   1.6626   1.7403    1.5511
doxepin            1.3081       0.7128         0.5804       .     1.5978    0.9897      1.0870        1.0977     0.8213      1.2400     1.4354       1.2446    0.9775    0.6889     1.4734  0.8983   1.0343     2.0960    0.7771      2.0735     1.0602    1.1067    0.9855    0.8241       1.2338   0.9650   1.0101    0.9003
doxylamine         0.8187       0.4461         0.3633  0.6259          .    0.6194      0.6803        0.6870     0.5140      0.7761     0.8983       0.7789    0.6118    0.4311     0.9221  0.5622   0.6473     1.3118    0.4864      1.2977     0.6635    0.6926    0.6168    0.5158       0.7722   0.6040   0.6322    0.5635
estazolam          1.3218       0.7203         0.5865  1.0105     1.6145         .      1.0984        1.1092     0.8299      1.2530     1.4504       1.2576    0.9877    0.6961     1.4888  0.9077   1.0451     2.1179    0.7853      2.0951     1.0712    1.1183    0.9958    0.8327       1.2467   0.9751   1.0207    0.9097
eszopiclone        1.2034       0.6558         0.5340  0.9200     1.4699    0.9104           .        1.0099     0.7556      1.1408     1.3205       1.1450    0.8993    0.6337     1.3554  0.8264   0.9515     1.9282    0.7149      1.9075     0.9753    1.0181    0.9066    0.7581       1.1350   0.8878   0.9293    0.8282
flunitrazepam      1.1917       0.6494         0.5288  0.9110     1.4556    0.9015      0.9902             .     0.7482      1.1297     1.3076       1.1338    0.8905    0.6275     1.3422  0.8183   0.9422     1.9094    0.7079      1.8889     0.9658    1.0082    0.8978    0.7507       1.1239   0.8791   0.9202    0.8201
flurazepam         1.5928       0.8679         0.7067  1.2176     1.9455    1.2050      1.3235        1.3366          .      1.5099     1.7477       1.5154    1.1902    0.8388     1.7940  1.0938   1.2594     2.5521    0.9462      2.5247     1.2908    1.3475    1.2000    1.0034       1.5022   1.1750   1.2300    1.0962
lemborexant        1.0549       0.5748         0.4681  0.8064     1.2885    0.7981      0.8766        0.8852     0.6623           .     1.1575       1.0037    0.7883    0.5555     1.1882  0.7244   0.8341     1.6903    0.6267      1.6721     0.8549    0.8925    0.7947    0.6646       0.9949   0.7782   0.8146    0.7260
loprazolam         0.9114       0.4966         0.4044  0.6967     1.1132    0.6895      0.7573        0.7648     0.5722      0.8639          .       0.8671    0.6810    0.4799     1.0265  0.6258   0.7206     1.4602    0.5414      1.4445     0.7386    0.7710    0.6866    0.5741       0.8595   0.6723   0.7037    0.6272
lormetazepam       1.0510       0.5727         0.4664  0.8035     1.2838    0.7951      0.8734        0.8820     0.6599      0.9963     1.1533            .    0.7854    0.5535     1.1838  0.7217   0.8310     1.6841    0.6244      1.6660     0.8518    0.8892    0.7918    0.6621       0.9913   0.7754   0.8116    0.7234
melatonin          1.3382       0.7292         0.5938  1.0230     1.6345    1.0124      1.1120        1.1230     0.8402      1.2686     1.4684       1.2732         .    0.7047     1.5072  0.9189   1.0581     2.1442    0.7950      2.1211     1.0845    1.1321    1.0082    0.8430       1.2621   0.9872   1.0334    0.9210
midazolam          1.8990       1.0348         0.8426  1.4516     2.3195    1.4366      1.5779        1.5935     1.1922      1.8001     2.0837       1.8067    1.4190         .     2.1388  1.3040   1.5015     3.0426    1.1281      3.0099     1.5390    1.6065    1.4306    1.1963       1.7910   1.4009   1.4664    1.3069
nitrazepam         0.8879       0.4838         0.3939  0.6787     1.0845    0.6717      0.7378        0.7450     0.5574      0.8416     0.9742       0.8447    0.6635    0.4676          .  0.6097   0.7020     1.4226    0.5275      1.4073     0.7195    0.7511    0.6689    0.5593       0.8374   0.6550   0.6856    0.6111
placebo            1.4563       0.7935         0.6462  1.1132     1.7787    1.1017      1.2101        1.2220     0.9143      1.3805     1.5979       1.3855    1.0882    0.7669     1.6402       .   1.1514     2.3333    0.8651      2.3083     1.1802    1.2320    1.0971    0.9174       1.3735   1.0743   1.1245    1.0022
quazepam           1.2647       0.6892         0.5612  0.9668     1.5448    0.9568      1.0509        1.0613     0.7940      1.1989     1.3878       1.2033    0.9451    0.6660     1.4245  0.8685        .     2.0265    0.7513      2.0047     1.0250    1.0700    0.9528    0.7967       1.1928   0.9330   0.9766    0.8704
quetiapine         0.6241       0.3401         0.2769  0.4771     0.7623    0.4722      0.5186        0.5237     0.3918      0.5916     0.6848       0.5938    0.4664    0.3287     0.7029  0.4286   0.4935          .    0.3708      0.9893     0.5058    0.5280    0.4702    0.3932       0.5886   0.4604   0.4819    0.4295
ramelteon          1.6833       0.9173         0.7469  1.2868     2.0560    1.2735      1.3987        1.4125     1.0568      1.5957     1.8470       1.6016    1.2579    0.8864     1.8959  1.1559   1.3309     2.6971         .      2.6681     1.3642    1.4241    1.2682    1.0604       1.5876   1.2418   1.2998    1.1585
seltorexant        0.6309       0.3438         0.2799  0.4823     0.7706    0.4773      0.5242        0.5294     0.3961      0.5981     0.6923       0.6003    0.4714    0.3322     0.7106  0.4332   0.4988     1.0109    0.3748           .     0.5113    0.5337    0.4753    0.3974       0.5950   0.4654   0.4872    0.4342
suvorexant         1.2339       0.6724         0.5475  0.9433     1.5072    0.9335      1.0253        1.0354     0.7747      1.1697     1.3539       1.1740    0.9221    0.6498     1.3898  0.8473   0.9756     1.9771    0.7330      1.9558          .    1.0439    0.9296    0.7773       1.1638   0.9103   0.9528    0.8492
temazepam          1.1820       0.6441         0.5245  0.9036     1.4438    0.8943      0.9822        0.9919     0.7421      1.1205     1.2970       1.1246    0.8833    0.6225     1.3313  0.8117   0.9346     1.8939    0.7022      1.8736     0.9580         .    0.8905    0.7446       1.1148   0.8720   0.9128    0.8135
trazodone          1.3274       0.7233         0.5890  1.0147     1.6213    1.0042      1.1030        1.1139     0.8334      1.2583     1.4565       1.2629    0.9919    0.6990     1.4950  0.9115   1.0495     2.1268    0.7885      2.1039     1.0757    1.1229         .    0.8362       1.2519   0.9792   1.0250    0.9135
triazolam          1.5874       0.8650         0.7043  1.2135     1.9389    1.2009      1.3191        1.3321     0.9966      1.5048     1.7418       1.5103    1.1862    0.8359     1.7879  1.0900   1.2551     2.5434    0.9430      2.5161     1.2865    1.3429    1.1959         .       1.4972   1.1710   1.2258    1.0925
trimipramine       1.0603       0.5778         0.4705  0.8105     1.2951    0.8021      0.8810        0.8897     0.6657      1.0051     1.1634       1.0088    0.7923    0.5583     1.1942  0.7281   0.8383     1.6989    0.6299      1.6806     0.8593    0.8970    0.7988    0.6679            .   0.7822   0.8187    0.7297
zaleplon           1.3556       0.7387         0.6015  1.0363     1.6557    1.0255      1.1264        1.1375     0.8511      1.2850     1.4874       1.2897    1.0130    0.7139     1.5268  0.9309   1.0718     2.1720    0.8053      2.1486     1.0986    1.1468    1.0213    0.8540       1.2785        .   1.0468    0.9329
zolpidem           1.2950       0.7057         0.5746  0.9900     1.5818    0.9797      1.0761        1.0867     0.8130      1.2276     1.4210       1.2321    0.9677    0.6820     1.4586  0.8893   1.0239     2.0749    0.7693      2.0526     1.0495    1.0956    0.9756    0.8158       1.2214   0.9553        .    0.8913
zopiclone          1.4530       0.7918         0.6447  1.1107     1.7748    1.0992      1.2074        1.2193     0.9122      1.3774     1.5943       1.3824    1.0858    0.7652     1.6365  0.9978   1.1489     2.3281    0.8632      2.3031     1.1776    1.2292    1.0947    0.9153       1.3704   1.0719   1.1220         .

Lower 95%-confidence limit:
               brotizolam daridorexant diphenydramine doxepin doxylamine estazolam eszopiclone flunitrazepam flurazepam lemborexant loprazolam lormetazepam melatonin midazolam nitrazepam placebo quazepam quetiapine ramelteon seltorexant suvorexant temazepam trazodone triazolam trimipramine zaleplon zolpidem zopiclone
brotizolam              .       0.1863         0.1075  0.2644     0.3286    0.2980      0.3057        0.3054     0.2164      0.3357     0.3972       0.2522    0.2532    0.1697     0.3626  0.2628   0.1468     0.0963    0.2231      0.3950     0.2778    0.2967    0.2201    0.2354       0.1951   0.2689   0.2911    0.2556
daridorexant       0.6276            .         0.2586  0.7265     0.8126    0.7081      0.8758        0.8657     0.5673      0.9365     1.1208       0.6206    0.6871    0.4463     0.9569  0.7811   0.3342     0.2005    0.6512      0.9568     0.7590    0.8202    0.5591    0.6802       0.4543   0.7659   0.8531    0.7356
diphenydramine     0.5461       0.3901              .  0.5531     0.6965    0.5425      0.6362        0.6353     0.4408      0.7009     0.8264       0.5348    0.5303    0.3551     0.7610  0.5457   0.3140     0.2109    0.4639      0.8400     0.5814    0.6189    0.4647    0.4882       0.4177   0.5602   0.6045    0.5305
doxepin            0.4525       0.3692         0.1863       .     0.5860    0.5141      0.6384        0.6305     0.4115      0.6808     0.8159       0.4476    0.4987    0.3231     0.6931  0.5717   0.2402     0.1436    0.4821      0.6893     0.5512    0.5957    0.4037    0.4963       0.3268   0.5575   0.6216    0.5363
doxylamine         0.2203       0.1617         0.0919  0.2295          .    0.2250      0.2665        0.2659     0.1825      0.2928     0.3456       0.2166    0.2195    0.1468     0.3137  0.2296   0.1242     0.0806    0.1946      0.3395     0.2410    0.2588    0.1906    0.2051       0.1662   0.2356   0.2580    0.2232
estazolam          0.5207       0.3674         0.1866  0.5249     0.5866         .      0.6345        0.6297     0.4413      0.6768     0.8156       0.4481    0.4964    0.3252     0.6930  0.5650   0.2429     0.1446    0.4710      0.6905     0.5484    0.5953    0.4038    0.4966       0.3278   0.5538   0.6174    0.5359
eszopiclone        0.4427       0.3766         0.1814  0.5403     0.5757    0.5260           .        0.6706     0.4195      0.7039     0.8583       0.4393    0.5073    0.3292     0.7030  0.6239   0.2312     0.1353    0.5088      0.6729     0.5626    0.6181    0.4003    0.5347       0.3156   0.5852   0.6716    0.5981
flunitrazepam      0.4338       0.3651         0.1776  0.5232     0.5635    0.5118      0.6576             .     0.4150      0.6808     0.8622       0.4303    0.4919    0.3233     0.6903  0.5934   0.2287     0.1333    0.4870      0.6592     0.5452    0.6050    0.3913    0.5497       0.3098   0.5647   0.6459    0.5828
flurazepam         0.5491       0.4274         0.2202  0.6101     0.6908    0.6409      0.7349        0.7414          .      0.7854     0.9671       0.5282    0.5778    0.3923     0.8152  0.6484   0.2977     0.1726    0.5422      0.8147     0.6378    0.7015    0.4743    0.5933       0.3881   0.6411   0.7124    0.6247
lemborexant        0.3736       0.3094         0.1536  0.4427     0.4861    0.4311      0.5408        0.5335     0.3445           .     0.6896       0.3702    0.4174    0.2701     0.5784  0.4884   0.1971     0.1169    0.4043      0.5700     0.4619    0.5030    0.3362    0.4221       0.2686   0.4738   0.5379    0.4564
loprazolam         0.3299       0.2764         0.1351  0.3960     0.4282    0.3877      0.4922        0.5042     0.3166      0.5147          .       0.3281    0.3726    0.2448     0.5358  0.4459   0.1747     0.1017    0.3668      0.5013     0.4128    0.4626    0.2973    0.4261       0.2361   0.4263   0.4857    0.4254
lormetazepam       0.2786       0.2036         0.1163  0.2890     0.3569    0.2833      0.3351        0.3347     0.2300      0.3675     0.4363            .    0.2764    0.1848     0.4205  0.2884   0.1575     0.1027    0.2446      0.4281     0.3035    0.3248    0.2771    0.2581       0.2894   0.2950   0.3206    0.2808
melatonin          0.4534       0.3653         0.1870  0.5219     0.5864    0.5087      0.6273        0.6203     0.4079      0.6717     0.8034       0.4481         .    0.3211     0.6887  0.5580   0.2420     0.1457    0.4659      0.6911     0.5454    0.5884    0.4029    0.4867       0.3288   0.5484   0.6085    0.5263
midazolam          0.6119       0.4778         0.2521  0.6808     0.7895    0.6712      0.8197        0.8210     0.5577      0.8754     1.0628       0.6033    0.6465         .     0.9224  0.7102   0.3325     0.2022    0.5966      0.9340     0.7126    0.8888    0.5398    0.6404       0.4471   0.7123   0.7915    0.7131
nitrazepam         0.2859       0.2240         0.1181  0.3193     0.3689    0.3127      0.3827        0.3832     0.2533      0.4097     0.5085       0.3000    0.3032    0.2016          .  0.3333   0.1552     0.0946    0.2799      0.4366     0.3342    0.3635    0.2554    0.3001       0.2146   0.3329   0.3677    0.3285
placebo            0.5573       0.4918         0.2278  0.7085     0.7264    0.6858      0.9136        0.8861     0.5420      0.9307     1.1386       0.5536    0.6608    0.4177     0.8967       .   0.2873     0.1661    0.7143      0.8455     0.7355    0.8065    0.5082    0.7287       0.3938   0.7870   0.9415    0.7778
quazepam           0.2348       0.1587         0.0989  0.2245     0.2963    0.2224      0.2554        0.2576     0.1877      0.2833     0.3365       0.2281    0.2162    0.1475     0.3149  0.2167        .     0.1024    0.1850      0.3615     0.2365    0.2519    0.1950    0.1984       0.1844   0.2251   0.2414    0.2135
quetiapine         0.0375       0.0232         0.0162  0.0327     0.0468    0.0322      0.0364        0.0366     0.0265      0.0409     0.0477       0.0362    0.0317    0.0218     0.0468  0.0305   0.0249          .    0.0262      0.0586     0.0345    0.0363    0.0300    0.0277       0.0317   0.0322   0.0341    0.0302
ramelteon          0.6321       0.5479         0.2588  0.7983     0.8228    0.7638      0.9955        0.9716     0.6056      1.0294     1.2515       0.6274    0.7372    0.4688     1.0063  0.9544   0.3277     0.1907         .      0.9598     0.8190    0.8945    0.5738    0.7860       0.4486   0.8617   1.0010    0.8432
seltorexant        0.1572       0.1131         0.0658  0.1603     0.2016    0.1573      0.1849        0.1848     0.1278      0.2039     0.2403       0.1543    0.1536    0.1031     0.2204  0.1587   0.0900     0.0598    0.1348           .     0.1685    0.1803    0.1348    0.1421       0.1199   0.1635   0.1779    0.1546
suvorexant         0.4230       0.3431         0.1743  0.4904     0.5474    0.4779      0.5915        0.5845     0.3828      0.6319     0.7567       0.4182    0.4637    0.3009     0.6454  0.5280   0.2251     0.1350    0.4401      0.6445          .    0.5532    0.3767    0.4594       0.3060   0.5168   0.5749    0.4966
temazepam          0.4145       0.3403         0.1702  0.4864     0.5395    0.4760      0.5963        0.5953     0.3864      0.6315     0.7782       0.4108    0.4591    0.3444     0.6443  0.5314   0.2201     0.1304    0.4411      0.6330     0.5077         .    0.3729    0.4740       0.2985   0.5209   0.5938    0.5136
trazodone          0.3879       0.2925         0.1612  0.4157     0.5011    0.4072      0.4870        0.4855     0.3294      0.5323     0.6307       0.4419    0.3964    0.2637     0.5708  0.4222   0.2148     0.1357    0.3568      0.5968     0.4359    0.4702         .    0.3760       0.3067   0.4304   0.4751    0.4089
triazolam          0.5931       0.5089         0.2422  0.7308     0.7712    0.7163      0.9303        0.9753     0.5893      0.9558     1.2926       0.5887    0.6848    0.4475     0.9594  0.8659   0.3125     0.1793    0.6990      0.8998     0.7602    0.8549    0.5378         .       0.4209   0.8003   0.9338    0.8198
trimipramine       0.2193       0.1517         0.0924  0.2147     0.2787    0.2109      0.2450        0.2452     0.1720      0.2713     0.3196       0.2945    0.2064    0.1394     0.3060  0.2088   0.1296     0.0914    0.1780      0.3386     0.2260    0.2402    0.1957    0.1878            .   0.2161   0.2323    0.2044
zaleplon           0.4941       0.4179         0.2027  0.5987     0.6458    0.5825      0.7425        0.7308     0.4643      0.7824     0.9432       0.4906    0.5627    0.3630     0.7760  0.6820   0.2586     0.1518    0.5588      0.7546     0.6237    0.6851    0.4489    0.5836       0.3532        .   0.7599    0.6304
zolpidem           0.4881       0.4248         0.1996  0.6092     0.6456    0.5926      0.7777        0.7628     0.4709      0.8106     0.9806       0.4867    0.5699    0.3681     0.7822  0.7445   0.2531     0.1468    0.5924      0.7497     0.6332    0.7127    0.4522    0.6214       0.3466   0.6935        .    0.6737
zopiclone          0.5396       0.4611         0.2205  0.6616     0.7029    0.6476      0.8719        0.8664     0.5199      0.8658     1.0812       0.5367    0.6205    0.4175     0.8797  0.7744   0.2818     0.1638    0.6282      0.8203     0.6886    0.7761    0.4900    0.6869       0.3839   0.7242   0.8481         .

Upper 95%-confidence limit:
               brotizolam daridorexant diphenydramine doxepin doxylamine estazolam eszopiclone flunitrazepam flurazepam lemborexant loprazolam lormetazepam melatonin midazolam nitrazepam placebo quazepam quetiapine ramelteon seltorexant suvorexant temazepam trazodone triazolam trimipramine zaleplon zolpidem zopiclone
brotizolam              .       1.5934         1.8311  2.2098     4.5399    1.9204      2.2588        2.3054     1.8212      2.6767     3.0311       3.5899    2.2056    1.6343     3.4981  1.7944   4.2596    26.6532    1.5820      6.3599     2.3643    2.4124    2.5782    1.6859       4.5592   2.0238   2.0487    1.8533
daridorexant       5.3663            .         2.5637  2.7089     6.1828    2.7221      2.6552        2.7392     2.3397      3.2316     3.6176       4.9120    2.7371    2.0928     4.4644  2.0331   6.2999    43.1119    1.8251      8.8429     2.9142    2.9386    3.4185    1.9649       6.5941   2.3928   2.3538    2.1686
diphenydramine     9.3008       3.8668              .  5.3664    10.8801    5.3587      5.5127        5.6299     4.5417      6.5118     7.4005       8.5970    5.3489    3.9664     8.4673  4.3892  10.1127    61.8383    3.8641     15.1914     5.7379    5.8743    6.2035    4.1291      10.8167   4.9345   5.0106    4.5347
doxepin            3.7816       1.3765         1.8079       .     4.3569    1.9050      1.8507        1.9113     1.6391      2.2588     2.5250       3.4606    1.9162    1.4689     3.1322  1.4114   4.4535    30.5909    1.2526      6.2371     2.0392    2.0561    2.4057    1.3684       4.6577   1.6703   1.6416    1.5115
doxylamine         3.0430       1.2306         1.4358  1.7066          .    1.7047      1.7369        1.7748     1.4477      2.0572     2.3352       2.8019    1.7054    1.2666     2.7109  1.3767   3.3752    21.3565    1.2154      4.9609     1.8268    1.8535    1.9956    1.2967       3.5883   1.5484   1.5490    1.4227
estazolam          3.3553       1.4123         1.8433  1.9451     4.4437         .      1.9013        1.9540     1.5604      2.3196     2.5793       3.5295    1.9656    1.4899     3.1981  1.4581   4.4973    31.0291    1.3093      6.3569     2.0926    2.1006    2.4561    1.3962       4.7415   1.7168   1.6875    1.5441
eszopiclone        3.2713       1.1419         1.5718  1.5663     3.7530    1.5760           .        1.5207     1.3607      1.8490     2.0316       2.9840    1.5943    1.2199     2.6132  1.0946   3.9160    27.4900    1.0045      5.4071     1.6907    1.6771    2.0532    1.0749       4.0816   1.3467   1.2859    1.1469
flunitrazepam      3.2740       1.1551         1.5740  1.5862     3.7602    1.5882      1.4911             .     1.3487      1.8745     1.9832       2.9877    1.6120    1.2180     2.6096  1.1286   3.8814    27.3464    1.0292      5.4120     1.7109    1.6799    2.0599    1.0253       4.0776   1.3684   1.3110    1.1542
flurazepam         4.6204       1.7626         2.2684  2.4301     5.4793    2.2658      2.3837        2.4095          .      2.9027     3.1585       4.3483    2.4517    1.7932     3.9479  1.8449   5.3285    37.7300    1.6513      7.8237     2.6125    2.5882    3.0360    1.6968       5.8150   2.1537   2.1236    1.9236
lemborexant        2.9788       1.0679         1.4267  1.4689     3.4156    1.4774      1.4208        1.4689     1.2732           .     1.9428       2.7209    1.4887    1.1424     2.4406  1.0744   3.5301    24.4454    0.9714      4.9047     1.5824    1.5835    1.8786    1.0462       3.6855   1.2781   1.2336    1.1550
loprazolam         2.5175       0.8922         1.2101  1.2256     2.8936    1.2261      1.1651        1.1599     1.0340      1.4500          .       2.2919    1.2447    0.9409     1.9665  0.8782   2.9714    20.9587    0.7991      4.1622     1.3215    1.2850    1.5856    0.7736       3.1288   1.0603   1.0197    0.9249
lormetazepam       3.9658       1.6113         1.8697  2.2340     4.6177    2.2316      2.2761        2.3241     1.8934      2.7009     3.0483            .    2.2315    1.6575     3.3328  1.8063   4.3839    27.6115    1.5939      6.4823     2.3909    2.4342    2.2627    1.6986       3.3959   2.0382   2.0548    1.8634
melatonin          3.9499       1.4555         1.8859  2.0053     4.5563    2.0147      1.9713        2.0328     1.7306      2.3957     2.6837       3.6174         .    1.5468     3.2986  1.5133   4.6257    31.5555    1.3565      6.5100     2.1566    2.1784    2.5225    1.4603       4.8450   1.7772   1.7548    1.6116
midazolam          5.8935       2.2409         2.8159  3.0954     6.8139    3.0750      3.0374        3.0928     2.5488      3.7017     4.0852       5.4104    3.1146         .     4.9593  2.3941   6.7808    45.7868    2.1332      9.7003     3.3237    2.9037    3.7916    2.2347       7.1740   2.7549   2.7167    2.3951
nitrazepam         2.7576       1.0450         1.3141  1.4429     3.1882    1.4429      1.4224        1.4486     1.2267      1.7288     1.8665       2.3783    1.4520    1.0841          .  1.1151   3.1759    21.3896    0.9938      4.5365     1.5494    1.5522    1.7518    1.0423       3.2682   1.2886   1.2785    1.1367
placebo            3.8054       1.2803         1.8326  1.7492     4.3557    1.7698      1.6028        1.6853     1.5422      2.0475     2.2424       3.4676    1.7921    1.4080     3.0000       .   4.6148    32.7732    1.0478      6.3017     1.8939    1.8820    2.3685    1.1549       4.7902   1.4664   1.3432    1.2914
quazepam           6.8136       2.9922         3.1846  4.1629     8.0545    4.1172      4.3251        4.3719     3.3596      5.0741     5.7226       6.3477    4.1317    3.0078     6.4443  3.4807        .    40.0886    3.0511     11.1155     4.4427    4.5443    4.6553    3.2003       7.7172   3.8672   3.9517    3.5490
quetiapine        10.3820       4.9865         4.7422  6.9633    12.4108    6.9176      7.3936        7.5008     5.7929      8.5564     9.8292       9.7359    6.8636    4.9458    10.5692  6.0196   9.7622          .    5.2439     16.7088     7.4090    7.6707    7.3705    5.5779      10.9439   6.5859   6.8097    6.1067
ramelteon          4.4826       1.5356         2.1555  2.0741     5.1378    2.1234      1.9653        2.0536     1.8442      2.4734     2.7260       4.0882    2.1463    1.6762     3.5721  1.3999   5.4048    38.1461         .      7.4171     2.2724    2.2670    2.8027    1.4307       5.6184   1.7894   1.6879    1.5917
seltorexant        2.5314       1.0451         1.1904  1.4508     2.9459    1.4482      1.4860        1.5169     1.2275      1.7543     1.9946       2.3356    1.4469    1.0707     2.2906  1.1827   2.7659    17.0739    1.0419           .     1.5516    1.5798    1.6757    1.1114       2.9537   1.3252   1.3339    1.2191
suvorexant         3.5998       1.3175         1.7200  1.8143     4.1496    1.8236      1.7774        1.8343     1.5678      2.1650     2.4226       3.2953    1.8336    1.4033     2.9925  1.3597   4.2289    28.9602    1.2210      5.9353          .    1.9698    2.2939    1.3154       4.4257   1.6033   1.5792    1.4523
temazepam          3.3706       1.2192         1.6159  1.6788     3.8636    1.6798      1.6180        1.6529     1.4254      1.9881     2.1616       3.0788    1.6996    1.1251     2.7512  1.2399   3.9695    27.5148    1.1179      5.5454     1.8076         .    2.1267    1.1697       4.1640   1.4597   1.4032    1.2884
trazodone          4.5426       1.7885         2.1518  2.4769     5.2455    2.4767      2.4979        2.5557     2.1084      2.9743     3.3636       3.6089    2.4817    1.8526     3.9153  1.9677   5.1278    33.3386    1.7428      7.4174     2.6545    2.6818         .    1.8596       5.1101   2.2278   2.2116    2.0407
triazolam          4.2483       1.4702         2.0484  2.0151     4.8748    2.0136      1.8702        1.8193     1.6854      2.3690     2.3470       3.8745    2.0548    1.5615     3.3318  1.3723   5.0415    36.0839    1.2723      7.0357     2.1769    2.1096    2.6596         .       5.3249   1.7134   1.6092    1.4559
trimipramine       5.1255       2.2012         2.3940  3.0599     6.0183    3.0508      3.1683        3.2280     2.5767      3.7231     4.2349       3.4558    3.0415    2.2365     4.6608  2.5393   5.4238    31.5854    2.2291      8.3424     3.2677    3.3503    3.2606    2.3756            .   2.8316   2.8855    2.6050
zaleplon           3.7190       1.3056         1.7851  1.7937     4.2450    1.8056      1.7087        1.7707     1.5599      2.1105     2.3457       3.3903    1.8236    1.4039     3.0039  1.2706   4.4426    31.0691    1.1605      6.1180     1.9351    1.9198    2.3235    1.2495       4.6284        .   1.4419    1.3808
zolpidem           3.4358       1.1721         1.6543  1.6088     3.8756    1.6197      1.4890        1.5481     1.4038      1.8590     2.0590       3.1193    1.6433    1.2634     2.7199  1.0622   4.1431    29.3184    0.9990      5.6200     1.7394    1.6842    2.1050    1.0709       4.3044   1.3159        .    1.1791
zopiclone          3.9128       1.3595         1.8848  1.8648     4.4811    1.8658      1.6720        1.7159     1.6008      2.1913     2.3509       3.5612    1.9000    1.4023     3.0444  1.2856   4.6842    33.0989    1.1860      6.4663     2.0138    1.9469    2.4454    1.2198       4.8922   1.5864   1.4844         .

Quantifying heterogeneity / inconsistency:
tau^2 = 0.0080; tau = 0.0893; I^2 = 3.7% [0.0%; 24.2%]

Tests of heterogeneity (within designs) and inconsistency (between designs):
                     Q d.f. p-value
Total           106.96  103  0.3749
Within designs   48.76   48  0.4423
Between designs  58.20   55  0.3584
[1] "A total of 28 treatments are included in the network."
[1] "A total of 106 studies are included in this analysis."
[1] "A total of 31377 participants are included in this analysis, with 3166 events (10.09%)."
[1] "The following studies were included in this analysis: 1 2 3 4 5 6 7 8 9 10 11 12 16 19 21 23 24 25 26 27 29 30 32 33 36 37 39 41 44 45 46 48 49 51 53 57 58 59 60 61 62 63 65 66 67 68 69 76 77 82 83 84 85 87 88 89 90 91 92 94 99 102 103 104 105 106 108 111 113 114 115 117 119 122 123 124 125 126 127 128 129 130 131 132 133 134 135 137 139 140 142 143 144 145 146 149 152 153 154 155 156 158 159 160 161 162"
[1] "Estimated heterogeneity tau-squared0.01"
[1] "Global test for inconsistency, p-value 0.35835 (Q=58, d.o.f. 55)"
[1] "File created on 2022-01-25"
