Number of studies: k = 91
Number of treatments: n = 27
Number of pairwise comparisons: m = 135
Number of designs: d = 50

Fixed effects model

Treatment estimate (sm = 'OR'):
               brotizolam daridorexant diphenydramine doxepin estazolam eszopiclone flunitrazepam flurazepam lemborexant loprazolam lormetazepam melatonin midazolam nitrazepam placebo propiomazine quazepam ramelteon seltorexant suvorexant temazepam trazodone triazolam trimipramine zaleplon zolpidem zopiclone
brotizolam              .       1.6037         1.0530  2.2141    1.4152      1.2762        1.2919     0.8385      1.2849     1.4299       2.0912    1.8079    1.4046     1.2232  1.9917       1.2463   0.9506    1.8506      3.1947     2.0012    1.6414    1.3978    1.3046       0.8476   2.2495   1.4747    1.3587
daridorexant       0.6235            .         0.6566  1.3806    0.8824      0.7958        0.8055     0.5228      0.8012     0.8916       1.3039    1.1273    0.8758     0.7627  1.2419       0.7771   0.5928    1.1539      1.9920     1.2478    1.0235    0.8716    0.8134       0.5285   1.4027   0.9196    0.8472
diphenydramine     0.9496       1.5230              .  2.1026    1.3439      1.2119        1.2268     0.7963      1.2202     1.3579       1.9859    1.7169    1.3338     1.1616  1.8914       1.1835   0.9028    1.7574      3.0338     1.9004    1.5587    1.3274    1.2389       0.8049   2.1362   1.4005    1.2903
doxepin            0.4517       0.7243         0.4756       .    0.6392      0.5764        0.5835     0.3787      0.5803     0.6458       0.9445    0.8165    0.6344     0.5525  0.8996       0.5629   0.4294    0.8358      1.4429     0.9039    0.7413    0.6313    0.5892       0.3828   1.0160   0.6661    0.6137
estazolam          0.7066       1.1332         0.7441  1.5645         .      0.9018        0.9129     0.5925      0.9079     1.0104       1.4777    1.2775    0.9925     0.8644  1.4074       0.8806   0.6717    1.3077      2.2575     1.4141    1.1598    0.9877    0.9218       0.5989   1.5895   1.0421    0.9601
eszopiclone        0.7836       1.2567         0.8251  1.7349    1.1089           .        1.0123     0.6570      1.0068     1.1205       1.6386    1.4166    1.1006     0.9585  1.5607       0.9765   0.7449    1.4501      2.5033     1.5681    1.2862    1.0953    1.0222       0.6642   1.7627   1.1556    1.0646
flunitrazepam      0.7741       1.2414         0.8151  1.7139    1.0955      0.9879             .     0.6491      0.9946     1.1069       1.6187    1.3995    1.0873     0.9469  1.5417       0.9647   0.7359    1.4325      2.4730     1.5491    1.2706    1.0820    1.0098       0.6561   1.7413   1.1416    1.0517
flurazepam         1.1926       1.9126         1.2558  2.6405    1.6877      1.5220        1.5407          .      1.5323     1.7053       2.4939    2.1561    1.6751     1.4588  2.3753       1.4863   1.1337    2.2070      3.8100     2.3866    1.9575    1.6670    1.5558       1.0108   2.6827   1.7588    1.6204
lemborexant        0.7783       1.2482         0.8196  1.7232    1.1014      0.9933        1.0054     0.6526           .     1.1129       1.6275    1.4071    1.0932     0.9520  1.5501       0.9700   0.7399    1.4403      2.4864     1.5575    1.2775    1.0879    1.0153       0.6597   1.7508   1.1478    1.0575
loprazolam         0.6993       1.1215         0.7364  1.5484    0.9897      0.8925        0.9034     0.5864      0.8985          .       1.4624    1.2643    0.9823     0.8555  1.3929       0.8715   0.6648    1.2942      2.2342     1.3995    1.1479    0.9775    0.9123       0.5927   1.5731   1.0313    0.9502
lormetazepam       0.4782       0.7669         0.5036  1.0588    0.6767      0.6103        0.6178     0.4010      0.6144     0.6838            .    0.8645    0.6717     0.5850  0.9524       0.5960   0.4546    0.8850      1.5277     0.9570    0.7849    0.6684    0.6238       0.4053   1.0757   0.7052    0.6497
melatonin          0.5531       0.8871         0.5825  1.2247    0.7828      0.7059        0.7146     0.4638      0.7107     0.7909       1.1567         .    0.7769     0.6766  1.1017       0.6893   0.5258    1.0236      1.7671     1.1069    0.9079    0.7732    0.7216       0.4688   1.2443   0.8157    0.7515
midazolam          0.7120       1.1418         0.7497  1.5763    1.0075      0.9086        0.9197     0.5970      0.9148     1.0181       1.4888    1.2871         .     0.8709  1.4180       0.8873   0.6768    1.3176      2.2745     1.4248    1.1686    0.9952    0.9288       0.6034   1.6015   1.0499    0.9673
nitrazepam         0.8175       1.3111         0.8608  1.8100    1.1569      1.0433        1.0561     0.6855      1.0504     1.1690       1.7095    1.4780    1.1482          .  1.6282       1.0188   0.7771    1.5129      2.6117     1.6360    1.3418    1.1427    1.0665       0.6929   1.8390   1.2056    1.1107
placebo            0.5021       0.8052         0.5287  1.1117    0.7105      0.6408        0.6486     0.4210      0.6451     0.7179       1.0499    0.9077    0.7052     0.6142       .       0.6257   0.4773    0.9292      1.6040     1.0048    0.8241    0.7018    0.6550       0.4256   1.1294   0.7404    0.6822
propiomazine       0.8024       1.2868         0.8449  1.7766    1.1355      1.0240        1.0366     0.6728      1.0310     1.1474       1.6780    1.4507    1.1270     0.9815  1.5981            .   0.7628    1.4849      2.5634     1.6058    1.3170    1.1216    1.0468       0.6801   1.8050   1.1833    1.0902
quazepam           1.0519       1.6870         1.1077  2.3291    1.4887      1.3425        1.3589     0.8821      1.3516     1.5042       2.1998    1.9018    1.4775     1.2868  2.0951       1.3110        .    1.9467      3.3606     2.1051    1.7266    1.4704    1.3723       0.8916   2.3663   1.5513    1.4293
ramelteon          0.5404       0.8666         0.5690  1.1964    0.7647      0.6896        0.6981     0.4531      0.6943     0.7727       1.1300    0.9769    0.7590     0.6610  1.0762       0.6734   0.5137         .      1.7263     1.0814    0.8869    0.7553    0.7049       0.4580   1.2155   0.7969    0.7342
seltorexant        0.3130       0.5020         0.3296  0.6930    0.4430      0.3995        0.4044     0.2625      0.4022     0.4476       0.6546    0.5659    0.4397     0.3829  0.6234       0.3901   0.2976    0.5793           .     0.6264    0.5138    0.4375    0.4083       0.2653   0.7041   0.4616    0.4253
suvorexant         0.4997       0.8014         0.5262  1.1064    0.7072      0.6377        0.6455     0.4190      0.6420     0.7145       1.0449    0.9034    0.7019     0.6112  0.9952       0.6228   0.4750    0.9247      1.5964          .    0.8202    0.6985    0.6519       0.4235   1.1241   0.7369    0.6789
temazepam          0.6092       0.9771         0.6415  1.3489    0.8622      0.7775        0.7871     0.5109      0.7828     0.8712       1.2740    1.1015    0.8557     0.7453  1.2134       0.7593   0.5792    1.1275      1.9463     1.2192         .    0.8516    0.7948       0.5164   1.3705   0.8985    0.8278
trazodone          0.7154       1.1473         0.7534  1.5840    1.0124      0.9130        0.9242     0.5999      0.9192     1.0230       1.4961    1.2934    1.0049     0.8751  1.4249       0.8916   0.6801    1.3240      2.2855     1.4317    1.1743         .    0.9333       0.6064   1.6093   1.0551    0.9720
triazolam          0.7665       1.2293         0.8072  1.6972    1.0848      0.9783        0.9903     0.6428      0.9849     1.0961       1.6030    1.3858    1.0767     0.9377  1.5267       0.9553   0.7287    1.4186      2.4489     1.5340    1.2582    1.0715         .       0.6497   1.7243   1.1305    1.0415
trimipramine       1.1798       1.8921         1.2424  2.6122    1.6696      1.5057        1.5241     0.9893      1.5159     1.6871       2.4672    2.1330    1.6571     1.4432  2.3498       1.4704   1.1216    2.1834      3.7692     2.3611    1.9365    1.6491    1.5391            .   2.6540   1.7399    1.6030
zaleplon           0.4445       0.7129         0.4681  0.9843    0.6291      0.5673        0.5743     0.3728      0.5712     0.6357       0.9296    0.8037    0.6244     0.5438  0.8854       0.5540   0.4226    0.8227      1.4202     0.8896    0.7297    0.6214    0.5799       0.3768        .   0.6556    0.6040
zolpidem           0.6781       1.0875         0.7140  1.5013    0.9596      0.8654        0.8760     0.5686      0.8713     0.9696       1.4180    1.2259    0.9524     0.8295  1.3505       0.8451   0.6446    1.2549      2.1663     1.3570    1.1130    0.9478    0.8846       0.5747   1.5254        .    0.9213
zopiclone          0.7360       1.1803         0.7750  1.6296    1.0416      0.9393        0.9508     0.6171      0.9457     1.0524       1.5391    1.3306    1.0338     0.9003  1.4659       0.9172   0.6997    1.3620      2.3513     1.4729    1.2081    1.0288    0.9601       0.6238   1.6556   1.0854         .

Lower 95%-confidence limit:
               brotizolam daridorexant diphenydramine doxepin estazolam eszopiclone flunitrazepam flurazepam lemborexant loprazolam lormetazepam melatonin midazolam nitrazepam placebo propiomazine quazepam ramelteon seltorexant suvorexant temazepam trazodone triazolam trimipramine zaleplon zolpidem zopiclone
brotizolam              .       0.8603         0.4313  1.1514    0.8064      0.6916        0.6697     0.4280      0.6900     0.6666       0.8456    0.9566    0.6431     0.5625  1.1043       0.4965   0.3848    1.0153      1.4754     1.0638    0.8311    0.6426    0.6955       0.2312   1.2149   0.8090    0.7364
daridorexant       0.3345            .         0.3262  0.9767    0.6168      0.6132        0.5654     0.3359      0.6055     0.5270       0.6376    0.8250    0.4992     0.4427  1.0165       0.3724   0.2902    0.9170      1.1643     0.9219    0.6855    0.5060    0.6032       0.1632   1.0742   0.7332    0.6511
diphenydramine     0.3889       0.7567              .  1.0161    0.6457      0.6075        0.5905     0.3659      0.6068     0.5932       0.7604    0.8427    0.5691     0.5014  0.9677       0.4464   0.3461    0.8907      1.3154     0.9366    0.7326    0.5731    0.6113       0.2112   1.0676   0.7095    0.6459
doxepin            0.2349       0.5124         0.2298       .    0.4243      0.4153        0.3886     0.2331      0.4113     0.3680       0.4493    0.5639    0.3493     0.3093  0.6783       0.2627   0.2046    0.6212      0.8131     0.6292    0.4737    0.3536    0.4111       0.1163   0.7274   0.4911    0.4410
estazolam          0.4026       0.7922         0.3575  1.0386         .      0.6419        0.6036     0.3931      0.6359     0.5729       0.6991    0.8724    0.5521     0.4811  1.0459       0.4095   0.3182    0.9520      1.2631     0.9731    0.7410    0.5493    0.6383       0.1813   1.1245   0.7587    0.6845
eszopiclone        0.4246       0.9684         0.4136  1.2499    0.7893           .        0.7284     0.4285      0.7780     0.6704       0.8081    1.0580    0.6359     0.5631  1.3208       0.4744   0.3678    1.1861      1.4793     1.1831    0.8760    0.6429    0.7784       0.2062   1.3816   0.9458    0.8520
flunitrazepam      0.4013       0.8714         0.3923  1.1416    0.7243      0.7109             .     0.3993      0.7006     0.6304       0.7689    0.9589    0.6046     0.5335  1.1507       0.4600   0.3492    1.0485      1.3896     1.0698    0.8154    0.6043    0.7382       0.1989   1.2421   0.8410    0.7970
flurazepam         0.6087       1.2289         0.5770  1.6255    1.1198      0.9925        0.9477          .      0.9863     0.9198       1.1299    1.3589    0.9263     0.7703  1.6008       0.6632   0.5140    1.4644      2.0174     1.5139    1.1953    0.8778    0.9981       0.2975   1.7413   1.1682    1.0606
lemborexant        0.4179       0.9434         0.4076  1.2212    0.7714      0.7675        0.7082     0.4200           .     0.6591       0.7973    1.0317    0.6244     0.5546  1.2727       0.4657   0.3625    1.1477      1.4590     1.1530    0.8583    0.6337    0.7566       0.2039   1.3506   0.9308    0.8170
loprazolam         0.3260       0.6629         0.3217  0.8823    0.5612      0.5340        0.5145     0.3163      0.5322          .       0.6379    0.7351    0.4951     0.4537  0.8563       0.3703   0.2868    0.7855      1.1141     0.8181    0.6775    0.4864    0.5393       0.1695   0.9386   0.6280    0.5700
lormetazepam       0.1934       0.3750         0.1928  0.5037    0.3202      0.3010        0.2934     0.1817      0.3010     0.2983            .    0.4175    0.2834     0.2671  0.4790       0.2226   0.1722    0.4410      0.6545     0.4641    0.3646    0.3249    0.3043       0.1265   0.5299   0.3530    0.3208
melatonin          0.2927       0.6492         0.2859  0.8457    0.5345      0.5272        0.4896     0.2923      0.5211     0.4599       0.5586         .    0.4360     0.3863  0.8670       0.3264   0.2544    0.7855      1.0157     0.7958    0.5951    0.4416    0.5201       0.1437   0.9228   0.6254    0.5595
midazolam          0.3260       0.6508         0.3199  0.8681    0.5604      0.5250        0.5115     0.3301      0.5225     0.5131       0.6282    0.7224         .     0.4241  0.8383       0.3724   0.2853    0.7700      1.1035     0.8037    0.6968    0.4805    0.5335       0.1693   0.9215   0.6160    0.5688
nitrazepam         0.3759       0.7609         0.3716  1.0134    0.6439      0.6129        0.5950     0.3620      0.6119     0.6200       0.7807    0.8438    0.5592          .  0.9809       0.4298   0.3313    0.9004      1.2876     0.9389    0.7386    0.5699    0.6279       0.2002   1.0805   0.7257    0.6585
placebo            0.2784       0.6591         0.2705  0.8382    0.5280      0.5423        0.4841     0.2837      0.5296     0.4414       0.5281    0.7144    0.4169     0.3700       .       0.3082   0.2405    0.8301      0.9736     0.8007    0.5820    0.4230    0.5239       0.1337   0.9445   0.6601    0.5741
propiomazine       0.3197       0.6167         0.3187  0.8291    0.5281      0.4974        0.4942     0.3002      0.4950     0.4875       0.6267    0.6870    0.4731     0.4140  0.7872            .   0.2847    0.7256      1.0798     0.7634    0.6022    0.4705    0.5070       0.1752   0.8717   0.5802    0.5486
quazepam           0.4258       0.8259         0.4247  1.1096    0.7052      0.6629        0.6449     0.3999      0.6622     0.6489       0.8332    0.9199    0.6228     0.5486  1.0555       0.4893        .    0.9717      1.4390     1.0224    0.8004    0.6270    0.6672       0.2322   1.1651   0.7741    0.7048
ramelteon          0.2964       0.6887         0.2884  0.8893    0.5567      0.5641        0.5109     0.3006      0.5533     0.4690       0.5632    0.7497    0.4436     0.3934  0.9615       0.3291   0.2564         .      1.0348     0.8393    0.6155    0.4496    0.5495       0.1431   0.9841   0.6788    0.5994
seltorexant        0.1446       0.2934         0.1429  0.3905    0.2479      0.2361        0.2272     0.1390      0.2360     0.2232       0.2805    0.3253    0.2133     0.1888  0.3784       0.1643   0.1274    0.3472           .     0.3620    0.2802    0.2156    0.2371       0.0752   0.4165   0.2801    0.2516
suvorexant         0.2656       0.5921         0.2593  0.7702    0.4866      0.4811        0.4458     0.2658      0.4753     0.4177       0.5067    0.6495    0.3959     0.3508  0.7931       0.2961   0.2307    0.7177      0.9224          .    0.5414    0.4010    0.4741       0.1302   0.8420   0.5714    0.5105
temazepam          0.3085       0.6544         0.3015  0.8619    0.5508      0.5296        0.5051     0.3119      0.5260     0.5142       0.5919    0.7220    0.5103     0.4102  0.8569       0.3472   0.2685    0.7824      1.0616     0.8048         .    0.4619    0.5382       0.1543   0.9305   0.6278    0.5689
trazodone          0.3289       0.6661         0.3252  0.8871    0.5631      0.5359        0.5162     0.3159      0.5354     0.5090       0.7271    0.7387    0.4852     0.4364  0.8587       0.3740   0.2900    0.7881      1.1265     0.8220    0.6369         .    0.5386       0.1784   0.9447   0.6342    0.5710
triazolam          0.4086       0.9116         0.3983  1.1843    0.7511      0.7449        0.7239     0.4124      0.7340     0.6480       0.7819    0.9988    0.6185     0.5521  1.2211       0.4627   0.3543    1.1058      1.4219     1.1157    0.8520    0.6183         .       0.2001   1.3096   0.8930    0.8259
trimipramine       0.3218       0.5844         0.3260  0.7933    0.5053      0.4675        0.4621     0.2912      0.4686     0.4824       0.7698    0.6539    0.4650     0.4169  0.7382       0.3787   0.2920    0.6822      1.0688     0.7256    0.5787    0.4853    0.4740            .   0.8229   0.5443    0.4976
zaleplon           0.2401       0.5460         0.2340  0.7047    0.4451      0.4447        0.4097     0.2419      0.4406     0.3793       0.4579    0.5961    0.3593     0.3195  0.7404       0.2676   0.2081    0.6661      0.8401     0.6664    0.4954    0.3647    0.4405       0.1168        .   0.5456    0.4746
zolpidem           0.3720       0.8671         0.3618  1.1070    0.6986      0.7083        0.6453     0.3777      0.7065     0.5904       0.7098    0.9400    0.5588     0.4993  1.2040       0.4144   0.3217    1.0688      1.3145     1.0522    0.7777    0.5697    0.6988       0.1798   1.2693        .    0.7616
zopiclone          0.3989       0.9071         0.3880  1.1710    0.7426      0.7517        0.7205     0.4040      0.7306     0.6314       0.7599    0.9905    0.6079     0.5337  1.2337       0.4616   0.3450    1.1121      1.3907     1.1076    0.8303    0.6043    0.7614       0.1937   1.3010   0.8973         .

Upper 95%-confidence limit:
               brotizolam daridorexant diphenydramine doxepin estazolam eszopiclone flunitrazepam flurazepam lemborexant loprazolam lormetazepam melatonin midazolam nitrazepam placebo propiomazine quazepam ramelteon seltorexant suvorexant temazepam trazodone triazolam trimipramine zaleplon zolpidem zopiclone
brotizolam              .       2.9896         2.5712  4.2574    2.4836      2.3550        2.4920     1.6427      2.3927     3.0675       5.1716    3.4168    3.0677     2.6602  3.5921       3.1281   2.3484    3.3733      6.9178     3.7647    3.2415    3.0407    2.4471       3.1080   4.1652   2.6885    2.5070
daridorexant       1.1624            .         1.3215  1.9516    1.2624      1.0326        1.1476     0.8138      1.0600     1.5085       2.6668    1.5404    1.5366     1.3142  1.5173       1.6215   1.2108    1.4520      3.4083     1.6890    1.5281    1.5013    1.0970       1.7113   1.8316   1.1533    1.1024
diphenydramine     2.3188       3.0652              .  4.3509    2.7971      2.4178        2.5488     1.7331      2.4536     3.1084       5.1861    3.4980    3.1261     2.6914  3.6969       3.1375   2.3548    3.4675      6.9975     3.8561    3.3166    3.0746    2.5108       3.0672   4.2744   2.7642    2.5776
doxepin            0.8685       1.0239         0.9842       .    0.9628      0.8001        0.8760     0.6152      0.8189     1.1334       1.9855    1.1824    1.1520     0.9868  1.1930       1.2062   0.9012    1.1245      2.5606     1.2984    1.1603    1.1273    0.8444       1.2606   1.4191   0.9034    0.8540
estazolam          1.2401       1.6212         1.5487  2.3567         .      1.2669        1.3806     0.8930      1.2964     1.7820       3.1231    1.8708    1.7843     1.5531  1.8939       1.8936   1.4180    1.7963      4.0346     2.0549    1.8154    1.7760    1.3313       1.9790   2.2469   1.4314    1.3466
eszopiclone        1.4459       1.6307         1.6461  2.4081    1.5578           .        1.4067     1.0075      1.3029     1.8727       3.3225    1.8969    1.9049     1.6315  1.8441       2.0103   1.5085    1.7729      4.2361     2.0784    1.8883    1.8660    1.3425       2.1392   2.2488   1.4119    1.3303
flunitrazepam      1.4932       1.7686         1.6935  2.5731    1.6568      1.3728             .     1.0552      1.4120     1.9436       3.4079    2.0424    1.9551     1.6806  2.0656       2.0233   1.5507    1.9572      4.4009     2.2432    1.9797    1.9374    1.3815       2.1641   2.4411   1.5496    1.3879
flurazepam         2.3364       2.9768         2.7333  4.2894    2.5437      2.3339        2.5046          .      2.3807     3.1617       5.5045    3.4209    3.0291     2.7627  3.5244       3.3311   2.5007    3.3264      7.1955     3.7626    3.2058    3.1657    2.4251       3.4341   4.1331   2.6479    2.4755
lemborexant        1.4493       1.6514         1.6481  2.4316    1.5727      1.2854        1.4274     1.0139           .     1.8791       3.3223    1.9189    1.9138     1.6342  1.8881       2.0201   1.5100    1.8075      4.2373     2.1039    1.9013    1.8676    1.3624       2.1342   2.2694   1.4154    1.3687
loprazolam         1.5002       1.8975         1.6857  2.7174    1.7454      1.4917        1.5864     1.0872      1.5172          .       3.3527    2.1745    1.9490     1.6129  2.2657       2.0514   1.5410    2.1322      4.4801     2.3940    1.9447    1.9647    1.5433       2.0728   2.6367   1.6936    1.5838
lormetazepam       1.1826       1.5685         1.3151  2.2258    1.4303      1.2374        1.3006     0.8850      1.2542     1.5677            .    1.7901    1.5918     1.2809  1.8937       1.5956   1.2001    1.7757      3.5657     1.9735    1.6896    1.3753    1.2790       1.2990   2.1837   1.4089    1.3160
melatonin          1.0453       1.2121         1.1867  1.7734    1.1463      0.9452        1.0429     0.7359      0.9692     1.3603       2.3950         .    1.3843     1.1851  1.3998       1.4557   1.0870    1.3338      3.0744     1.5397    1.3850    1.3538    1.0012       1.5293   1.6777   1.0639    1.0095
midazolam          1.5549       2.0032         1.7571  2.8625    1.8113      1.5726        1.6539     1.0795      1.6015     2.0200       3.5283    2.2935         .     1.7882  2.3986       2.1138   1.6057    2.2544      4.6880     2.5259    1.9597    2.0610    1.6168       2.1505   2.7835   1.7896    1.6450
nitrazepam         1.7778       2.2589         1.9945  3.2330    2.0787      1.7758        1.8744     1.2981      1.8030     2.2041       3.7436    2.5888    2.3577          .  2.7027       2.4152   1.8229    2.5418      5.2971     2.8506    2.4379    2.2912    1.8114       2.3986   3.1299   2.0030    1.8736
placebo            0.9055       0.9837         1.0334  1.4743    0.9562      0.7571        0.8690     0.6247      0.7858     1.1678       2.0876    1.1534    1.1929     1.0195       .       1.2703   0.9474    1.0401      2.6427     1.2608    1.1669    1.1645    0.8189       1.3546   1.3505   0.8305    0.8106
propiomazine       2.0140       2.6851         2.2400  3.8070    2.4417      2.1080        2.1740     1.5079      2.1472     2.7006       4.4924    3.0634    2.6850     2.3268  3.2444            .   2.0439    3.0388      6.0853     3.3777    2.8803    2.6737    2.1610       2.6406   3.7374   2.4133    2.1666
quazepam           2.5986       3.4461         2.8894  4.8887    3.1425      2.7187        2.8637     1.9456      2.7585     3.4867       5.8074    3.9316    3.5054     3.0184  4.1588       3.5128        .    3.9000      7.8482     4.3344    3.7246    3.4482    2.8224       3.4242   4.8061   3.1089    2.8983
ramelteon          0.9850       1.0905         1.1227  1.6097    1.0504      0.8431        0.9538     0.6829      0.8713     1.2730       2.2673    1.2730    1.2987     1.1106  1.2047       1.3781   1.0291         .      2.8800     1.3933    1.2781    1.2688    0.9043       1.4658   1.5014   0.9356    0.8992
seltorexant        0.6778       0.8589         0.7603  1.2299    0.7917      0.6760        0.7196     0.4957      0.6854     0.8976       1.5278    0.9846    0.9062     0.7766  1.0272       0.9261   0.6949    0.9664           .     1.0841    0.9420    0.8877    0.7033       0.9356   1.1904   0.7607    0.7190
suvorexant         0.9400       1.0847         1.0677  1.5893    1.0276      0.8452        0.9348     0.6606      0.8673     1.2223       2.1549    1.2566    1.2443     1.0651  1.2488       1.3099   0.9781    1.1915      2.7627          .    1.2425    1.2166    0.8963       1.3782   1.5006   0.9504    0.9029
temazepam          1.2032       1.4588         1.3651  2.1112    1.3495      1.1416        1.2263     0.8366      1.1650     1.4759       2.7425    1.6803    1.4351     1.3540  1.7182       1.6605   1.2494    1.6247      3.5686     1.8470         .    1.5700    1.1738       1.7280   2.0186   1.2858    1.2045
trazodone          1.5563       1.9764         1.7450  2.8284    1.8205      1.5555        1.6549     1.1392      1.5781     2.0561       3.0783    2.2647    2.0811     1.7548  2.3643       2.1255   1.5949    2.2241      4.6373     2.4937    2.1650         .    1.6173       2.0607   2.7417   1.7553    1.6547
triazolam          1.4379       1.6579         1.6360  2.4323    1.5667      1.2848        1.3547     1.0019      1.3216     1.8542       3.2864    1.9229    1.8743     1.5926  1.9088       1.9722   1.4987    1.8197      4.2176     2.1093    1.8581    1.8567         .       2.1097   2.2704   1.4311    1.3133
trimipramine       4.3261       6.1264         4.7342  8.6015    5.5169      4.8497        5.0274     3.3609      4.9042     5.8997       7.9069    6.9578    5.9054     4.9958  7.4796       5.7088   4.3073    6.9877     13.2916     7.6828    6.4801    5.6042    4.9978            .   8.5591   5.5621    5.1638
zaleplon           0.8231       0.9310         0.9367  1.3748    0.8893      0.7238        0.8051     0.5743      0.7404     1.0654       1.8871    1.0837    1.0852     0.9255  1.0587       1.1472   0.8583    1.0161      2.4009     1.1877    1.0747    1.0586    0.7636       1.2152        .   0.7878    0.7686
zolpidem           1.2362       1.3638         1.4094  2.0362    1.3181      1.0574        1.1891     0.8560      1.0744     1.5923       2.8329    1.5989    1.6234     1.3781  1.5149       1.7235   1.2918    1.4733      3.5700     1.7501    1.5928    1.5769    1.1199       1.8373   1.8330        .    1.1145
zopiclone          1.3580       1.5359         1.5483  2.2677    1.4609      1.1737        1.2547     0.9428      1.2240     1.7543       3.1175    1.7874    1.7580     1.5186  1.7418       1.8228   1.4188    1.6682      3.9753     1.9587    1.7578    1.7513    1.2107       2.0096   2.1069   1.3130         .

Random effects model

Treatment estimate (sm = 'OR'):
               brotizolam daridorexant diphenydramine doxepin estazolam eszopiclone flunitrazepam flurazepam lemborexant loprazolam lormetazepam melatonin midazolam nitrazepam placebo propiomazine quazepam ramelteon seltorexant suvorexant temazepam trazodone triazolam trimipramine zaleplon zolpidem zopiclone
brotizolam              .       1.6422         1.0781  2.2617    1.4076      1.3658        1.3609     0.8601      1.3236     1.4391       2.1245    1.8375    1.3834     1.2442  2.0391       1.1818   0.9809    1.8755      3.3237     2.0490    1.7004    1.4506    1.3282       0.8624   2.3810   1.5624    1.2884
daridorexant       0.6089            .         0.6565  1.3772    0.8571      0.8317        0.8287     0.5238      0.8060     0.8763       1.2937    1.1189    0.8424     0.7576  1.2417       0.7196   0.5973    1.1421      2.0239     1.2477    1.0354    0.8834    0.8088       0.5251   1.4499   0.9514    0.7845
diphenydramine     0.9276       1.5232              .  2.0978    1.3056      1.2669        1.2623     0.7978      1.2277     1.3349       1.9706    1.7044    1.2832     1.1540  1.8914       1.0961   0.9098    1.7396      3.0829     1.9006    1.5772    1.3455    1.2319       0.7999   2.2085   1.4492    1.1950
doxepin            0.4422       0.7261         0.4767       .    0.6224      0.6039        0.6017     0.3803      0.5852     0.6363       0.9393    0.8125    0.6117     0.5501  0.9016       0.5225   0.4337    0.8293      1.4696     0.9060    0.7518    0.6414    0.5873       0.3813   1.0528   0.6908    0.5697
estazolam          0.7105       1.1667         0.7659  1.6068         .      0.9703        0.9668     0.6111      0.9403     1.0224       1.5093    1.3055    0.9828     0.8839  1.4487       0.8396   0.6969    1.3324      2.3613     1.4557    1.2080    1.0306    0.9436       0.6127   1.6916   1.1100    0.9153
eszopiclone        0.7322       1.2024         0.7894  1.6559    1.0306           .        0.9964     0.6298      0.9691     1.0537       1.5555    1.3454    1.0129     0.9109  1.4930       0.8652   0.7182    1.3732      2.4335     1.5002    1.2449    1.0621    0.9724       0.6314   1.7433   1.1439    0.9433
flunitrazepam      0.7348       1.2067         0.7922  1.6619    1.0343      1.0036             .     0.6320      0.9726     1.0575       1.5611    1.3502    1.0165     0.9142  1.4984       0.8684   0.7208    1.3781      2.4423     1.5057    1.2495    1.0660    0.9760       0.6337   1.7496   1.1481    0.9467
flurazepam         1.1626       1.9092         1.2534  2.6294    1.6364      1.5879        1.5822          .      1.5388     1.6731       2.4699    2.1363    1.6083     1.4465  2.3707       1.3739   1.1404    2.1804      3.8642     2.3822    1.9768    1.6865    1.5441       1.0026   2.7682   1.8164    1.4979
lemborexant        0.7555       1.2407         0.8145  1.7087    1.0634      1.0319        1.0282     0.6499           .     1.0873       1.6051    1.3883    1.0452     0.9400  1.5406       0.8929   0.7411    1.4170      2.5112     1.5481    1.2847    1.0960    1.0035       0.6516   1.7989   1.1804    0.9734
loprazolam         0.6949       1.1411         0.7491  1.5716    0.9781      0.9491        0.9456     0.5977      0.9197          .       1.4762    1.2768    0.9613     0.8645  1.4169       0.8212   0.6816    1.3032      2.3096     1.4238    1.1815    1.0080    0.9229       0.5992   1.6545   1.0856    0.8953
lormetazepam       0.4707       0.7730         0.5075  1.0646    0.6625      0.6429        0.6406     0.4049      0.6230     0.6774            .    0.8649    0.6512     0.5856  0.9598       0.5563   0.4617    0.8828      1.5645     0.9645    0.8004    0.6828    0.6252       0.4059   1.1208   0.7354    0.6064
melatonin          0.5442       0.8937         0.5867  1.2308    0.7660      0.7433        0.7406     0.4681      0.7203     0.7832       1.1562         .    0.7529     0.6771  1.1097       0.6431   0.5338    1.0207      1.8088     1.1151    0.9254    0.7895    0.7228       0.4693   1.2958   0.8503    0.7012
midazolam          0.7229       1.1871         0.7793  1.6349    1.0175      0.9873        0.9837     0.6218      0.9568     1.0403       1.5357    1.3283         .     0.8994  1.4740       0.8543   0.7090    1.3557      2.4026     1.4812    1.2291    1.0486    0.9601       0.6234   1.7211   1.1294    0.9313
nitrazepam         0.8038       1.3199         0.8665  1.8178    1.1313      1.0978        1.0938     0.6913      1.0638     1.1567       1.7075    1.4769    1.1119          .  1.6390       0.9498   0.7884    1.5074      2.6714     1.6469    1.3667    1.1660    1.0675       0.6931   1.9137   1.2558    1.0355
placebo            0.4904       0.8053         0.5287  1.1091    0.6903      0.6698        0.6674     0.4218      0.6491     0.7057       1.0418    0.9011    0.6784     0.6101       .       0.5795   0.4810    0.9197      1.6300     1.0049    0.8339    0.7114    0.6513       0.4229   1.1677   0.7662    0.6318
propiomazine       0.8462       1.3896         0.9123  1.9138    1.1911      1.1557        1.1516     0.7278      1.1200     1.2178       1.7977    1.5549    1.1706     1.0528  1.7255            .   0.8300    1.5870      2.8125     1.7339    1.4388    1.2275    1.1239       0.7297   2.0148   1.3221    1.0902
quazepam           1.0195       1.6742         1.0991  2.3058    1.4350      1.3925        1.3874     0.8769      1.3494     1.4672       2.1659    1.8734    1.4104     1.2684  2.0789       1.2048        .    1.9121      3.3886     2.0890    1.7335    1.4789    1.3541       0.8792   2.4275   1.5929    1.3135
ramelteon          0.5332       0.8756         0.5748  1.2059    0.7505      0.7282        0.7256     0.4586      0.7057     0.7673       1.1328    0.9798    0.7376     0.6634  1.0873       0.6301   0.5230         .      1.7722     1.0925    0.9066    0.7735    0.7082       0.4598   1.2695   0.8331    0.6870
seltorexant        0.3009       0.4941         0.3244  0.6805    0.4235      0.4109        0.4094     0.2588      0.3982     0.4330       0.6392    0.5528    0.4162     0.3743  0.6135       0.3556   0.2951    0.5643           .     0.6165    0.5116    0.4365    0.3996       0.2595   0.7164   0.4701    0.3876
suvorexant         0.4880       0.8014         0.5262  1.1038    0.6869      0.6666        0.6642     0.4198      0.6460     0.7023       1.0368    0.8968    0.6751     0.6072  0.9952       0.5767   0.4787    0.9153      1.6221          .    0.8298    0.7080    0.6482       0.4209   1.1620   0.7625    0.6288
temazepam          0.5881       0.9658         0.6340  1.3301    0.8278      0.8032        0.8003     0.5059      0.7784     0.8464       1.2494    1.0807    0.8136     0.7317  1.1992       0.6950   0.5769    1.1030      1.9547     1.2051         .    0.8531    0.7811       0.5072   1.4003   0.9189    0.7577
trazodone          0.6893       1.1320         0.7432  1.5591    0.9703      0.9415        0.9381     0.5929      0.9124     0.9921       1.4645    1.2667    0.9536     0.8577  1.4057       0.8146   0.6762    1.2929      2.2912     1.4125    1.1721         .    0.9156       0.5945   1.6413   1.0770    0.8881
triazolam          0.7529       1.2364         0.8117  1.7028    1.0598      1.0283        1.0246     0.6476      0.9965     1.0835       1.5995    1.3835    1.0416     0.9368  1.5353       0.8898   0.7385    1.4121      2.5025     1.5428    1.2802    1.0922         .       0.6493   1.7927   1.1763    0.9700
trimipramine       1.1596       1.9042         1.2501  2.6225    1.6322      1.5838        1.5780     0.9974      1.5348     1.6688       2.4635    2.1307    1.6041     1.4427  2.3645       1.3703   1.1374    2.1748      3.8541     2.3760    1.9717    1.6821    1.5401            .   2.7609   1.8117    1.4940
zaleplon           0.4200       0.6897         0.4528  0.9499    0.5912      0.5736        0.5716     0.3613      0.5559     0.6044       0.8923    0.7717    0.5810     0.5225  0.8564       0.4963   0.4120    0.7877      1.3959     0.8606    0.7141    0.6093    0.5578       0.3622        .   0.6562    0.5411
zolpidem           0.6400       1.0511         0.6900  1.4476    0.9009      0.8742        0.8710     0.5505      0.8472     0.9211       1.3598    1.1761    0.8854     0.7963  1.3051       0.7564   0.6278    1.2004      2.1273     1.3115    1.0883    0.9285    0.8501       0.5520   1.5240        .    0.8246
zopiclone          0.7762       1.2746         0.8368  1.7554    1.0925      1.0601        1.0563     0.6676      1.0273     1.1170       1.6489    1.4262    1.0737     0.9657  1.5827       0.9172   0.7613    1.4557      2.5798     1.5904    1.3198    1.1259    1.0309       0.6694   1.8481   1.2127         .

Lower 95%-confidence limit:
               brotizolam daridorexant diphenydramine doxepin estazolam eszopiclone flunitrazepam flurazepam lemborexant loprazolam lormetazepam melatonin midazolam nitrazepam placebo propiomazine quazepam ramelteon seltorexant suvorexant temazepam trazodone triazolam trimipramine zaleplon zolpidem zopiclone
brotizolam              .       0.7785         0.3820  1.0584    0.7372      0.6671        0.6100     0.3994      0.6279     0.6042       0.7852    0.8548    0.5690     0.5210  1.0372       0.4038   0.3657    0.9348      1.3320     0.9483    0.7796    0.5894    0.6366       0.2142   1.1631   0.7814    0.6302
daridorexant       0.2887            .         0.2811  0.8616    0.5278      0.5591        0.4837     0.3028      0.5165     0.4661       0.5838    0.6933    0.4298     0.4023  0.9046       0.2941   0.2723    0.7982      1.0146     0.7668    0.6224    0.4508    0.5254       0.1492   0.9787   0.6747    0.5266
diphenydramine     0.3287       0.6521              .  0.8880    0.5478      0.5564        0.5132     0.3226      0.5259     0.5119       0.6732    0.7177    0.4785     0.4417  0.8610       0.3473   0.3134    0.7781      1.1347     0.7967    0.6524    0.5015    0.5314       0.1876   0.9704   0.6498    0.5241
doxepin            0.2069       0.4542         0.2018       .    0.3757      0.3964        0.3448     0.2160      0.3665     0.3331       0.4184    0.4936    0.3075     0.2872  0.6379       0.2111   0.1953    0.5716      0.7250     0.5461    0.4431    0.3221    0.3726       0.1075   0.6916   0.4729    0.3731
estazolam          0.3721       0.7184         0.3214  0.9701         .      0.6268        0.5492     0.3789      0.5797     0.5309       0.6664    0.7811    0.5004     0.4572  1.0033       0.3380   0.3109    0.8901      1.1530     0.8644    0.7109    0.5121    0.5924       0.1717   1.0927   0.7463    0.5946
eszopiclone        0.3576       0.8083         0.3467  1.0870    0.6658           .        0.6128     0.3798      0.6526     0.5806       0.7212    0.8737    0.5371     0.5015  1.1744       0.3667   0.3366    1.0260      1.2572     0.9655    0.7835    0.5593    0.6697       0.1825   1.2450   0.8630    0.6929
flunitrazepam      0.3294       0.7043         0.3221  0.9523    0.5875      0.6172             .     0.3409      0.5689     0.5285       0.6688    0.7673    0.4961     0.4603  0.9682       0.3495   0.3109    0.8653      1.1512     0.8497    0.7007    0.5110    0.6134       0.1740   1.0709   0.7297    0.6147
flurazepam         0.5398       1.1037         0.5069  1.4934    1.0146      0.9577        0.8535          .      0.8907     0.8346       1.0496    1.2037    0.8298     0.7157  1.5152       0.5349   0.4890    1.3526      1.8061     1.3331    1.1318    0.8014    0.9169       0.2740   1.6702   1.1348    0.9102
lemborexant        0.3584       0.7951         0.3489  1.0702    0.6556      0.6949        0.6014     0.3762           .     0.5792       0.7255    0.8612    0.5341     0.5008  1.1242       0.3654   0.3381    0.9918      1.2627     0.9525    0.7741    0.5608    0.6543       0.1853   1.2204   0.8466    0.6555
loprazolam         0.2917       0.6069         0.2873  0.8228    0.5079      0.5230        0.4726     0.2981      0.4899          .       0.6015    0.6638    0.4427     0.4303  0.8200       0.3033   0.2762    0.7357      1.0153     0.7358    0.6480    0.4516    0.5025       0.1585   0.9138   0.6186    0.4953
lormetazepam       0.1740       0.3488         0.1734  0.4742    0.2925      0.2981        0.2744     0.1720      0.2816     0.2760            .    0.3831    0.2546     0.2544  0.4621       0.1835   0.1656    0.4171      0.6033     0.4252    0.3496    0.3124    0.2864       0.1193   0.5214   0.3511    0.2818
melatonin          0.2532       0.5538         0.2471  0.7477    0.4584      0.4827        0.4208     0.2637      0.4468     0.4072       0.5121         .    0.3759     0.3510  0.7752       0.2585   0.2391    0.6869      0.8866     0.6662    0.5407    0.3939    0.4540       0.1318   0.8422   0.5752    0.4540
midazolam          0.2973       0.6056         0.2906  0.8218    0.5181      0.5236        0.4801     0.3208      0.4889     0.4791       0.6005    0.6632         .     0.4055  0.8132       0.3131   0.2789    0.7318      1.0230     0.7353    0.6807    0.4532    0.5048       0.1609   0.9104   0.6153    0.5088
nitrazepam         0.3365       0.7009         0.3317  0.9489    0.5851      0.6043        0.5508     0.3421      0.5667     0.5757       0.7417    0.7656    0.5014          .  0.9452       0.3526   0.3188    0.8485      1.1769     0.8486    0.7072    0.5325    0.5935       0.1869   1.0603   0.7227    0.5778
placebo            0.2494       0.5867         0.2407  0.7847    0.4780      0.5269        0.4312     0.2696      0.4736     0.4084       0.5016    0.6294    0.3743     0.3519       .       0.2507   0.2344    0.7779      0.8802     0.6943    0.5590    0.3921    0.4845       0.1251   0.9199   0.6563    0.4944
propiomazine       0.2891       0.5679         0.2890  0.7734    0.4795      0.4898        0.4635     0.2833      0.4584     0.4497       0.5931    0.6250    0.4291     0.3908  0.7465            .   0.2752    0.6769      0.9968     0.6939    0.5738    0.4403    0.4708       0.1666   0.8462   0.5678    0.4893
quazepam           0.3801       0.7633         0.3786  1.0385    0.6402      0.6527        0.5984     0.3760      0.6157     0.5946       0.7770    0.8390    0.5549     0.5130  1.0133       0.3995        .    0.9142      1.3149     0.9310    0.7616    0.5815    0.6224       0.2137   1.1384   0.7637    0.6147
ramelteon          0.2658       0.6120         0.2571  0.8313    0.5014      0.5442        0.4556     0.2845      0.4940     0.4332       0.5352    0.6594    0.3982     0.3734  0.9196       0.2688   0.2500         .      0.9360     0.7281    0.5880    0.4167    0.5049       0.1345   0.9490   0.6638    0.5140
seltorexant        0.1206       0.2477         0.1194  0.3357    0.2068      0.2123        0.1930     0.1210      0.2002     0.1903       0.2465    0.2710    0.1772     0.1649  0.3313       0.1260   0.1145    0.2980           .     0.3005    0.2462    0.1863    0.2028       0.0663   0.3730   0.2538    0.2006
suvorexant         0.2259       0.4926         0.2205  0.6653    0.4079      0.4290        0.3748     0.2349      0.3974     0.3629       0.4570    0.5357    0.3352     0.3129  0.6876       0.2308   0.2133    0.6100      0.7907          .    0.4813    0.3512    0.4037       0.1179   0.7485   0.5107    0.4035
temazepam          0.2697       0.5805         0.2623  0.7839    0.4872      0.5055        0.4488     0.2896      0.4690     0.4642       0.5457    0.6314    0.4505     0.3786  0.8039       0.2772   0.2534    0.7154      0.9408     0.6990         .    0.4179    0.4904       0.1409   0.8843   0.6055    0.4828
trazodone          0.2801       0.5777         0.2770  0.7829    0.4822      0.4958        0.4497     0.2818      0.4669     0.4445       0.6700    0.6319    0.4121     0.3917  0.7748       0.2922   0.2659    0.6965      0.9779     0.7007    0.5742         .    0.4737       0.1612   0.8699   0.5914    0.4684
triazolam          0.3609       0.8033         0.3502  1.0803    0.6654      0.7082        0.6440     0.3846      0.6497     0.5899       0.7328    0.8689    0.5477     0.5208  1.1420       0.3728   0.3395    1.0067      1.2701     0.9608    0.8037    0.5651         .       0.1858   1.2488   0.8618    0.6910
trimipramine       0.2880       0.5411         0.2932  0.7393    0.4574      0.4578        0.4332     0.2726      0.4364     0.4413       0.7239    0.5985    0.4141     0.3890  0.6995       0.3128   0.2765    0.6360      0.9853     0.6653    0.5479    0.4560    0.4408            .   0.7989   0.5319    0.4319
zaleplon           0.2052       0.4656         0.1990  0.6240    0.3819      0.4097        0.3498     0.2180      0.3771     0.3338       0.4151    0.5016    0.3073     0.2895  0.6747       0.2085   0.1932    0.5888      0.7268     0.5543    0.4510    0.3229    0.3886       0.1048        .   0.5140    0.3880
zolpidem           0.3201       0.7454         0.3094  0.9910    0.6057      0.6595        0.5536     0.3439      0.6076     0.5248       0.6492    0.7957    0.4824     0.4583  1.1180       0.3248   0.3010    0.9564      1.1485     0.8785    0.7172    0.5098    0.6228       0.1621   1.1937        .    0.6299
zopiclone          0.3797       0.8555         0.3670  1.1497    0.7097      0.7786        0.6858     0.4057      0.6918     0.6180       0.7661    0.9235    0.5866     0.5388  1.2385       0.4117   0.3563    1.0893      1.3349     1.0206    0.8409    0.5939    0.7344       0.1935   1.3251   0.9264         .

Upper 95%-confidence limit:
               brotizolam daridorexant diphenydramine doxepin estazolam eszopiclone flunitrazepam flurazepam lemborexant loprazolam lormetazepam melatonin midazolam nitrazepam placebo propiomazine quazepam ramelteon seltorexant suvorexant temazepam trazodone triazolam trimipramine zaleplon zolpidem zopiclone
brotizolam              .       3.4643         3.0425  4.8330    2.6873      2.7964        3.0362     1.8525      2.7899     3.4277       5.7481    3.9501    3.3636     2.9713  4.0089       3.4586   2.6309    3.7628      8.2938     4.4275    3.7084    3.5706    2.7709       3.4725   4.8743   3.1238    2.6338
daridorexant       1.2846            .         1.5335  2.2015    1.3920      1.2372        1.4198     0.9061      1.2577     1.6477       2.8668    1.8058    1.6512     1.4266  1.7045       1.7610   1.3100    1.6341      4.0376     2.0302    1.7225    1.7311    1.2449       1.8481   2.1480   1.3416    1.1689
diphenydramine     2.6176       3.5579              .  4.9558    3.1117      2.8844        3.1048     1.9729      2.8658     3.4806       5.7685    4.0476    3.4411     3.0151  4.1550       3.4601   2.6412    3.8895      8.3759     4.5342    3.8131    3.6103    2.8559       3.4106   5.0260   3.2319    2.7250
doxepin            0.9448       1.1607         1.1261       .    1.0308      0.9200        1.0501     0.6696      0.9344     1.2154       2.1088    1.3374    1.2169     1.0538  1.2743       1.2931   0.9629    1.2030      2.9790     1.5032    1.2757    1.2773    0.9257       1.3526   1.6025   1.0091    0.8698
estazolam          1.3564       1.8948         1.8255  2.6614         .      1.5021        1.7022     0.9856      1.5252     1.9691       3.4186    2.1817    1.9303     1.7090  2.0919       2.0856   1.5620    1.9946      4.8362     2.4515    2.0527    2.0740    1.5029       2.1861   2.6188   1.6509    1.4090
eszopiclone        1.4991       1.7885         1.7972  2.5226    1.5953           .        1.6201     1.0442      1.4391     1.9121       3.3546    2.0717    1.9099     1.6548  1.8981       2.0417   1.5321    1.8377      4.7104     2.3312    1.9782    2.0170    1.4120       2.1845   2.4409   1.5163    1.2843
flunitrazepam      1.6395       2.0674         1.9486  2.9003    1.8210      1.6319             .     1.1717      1.6627     2.1160       3.6438    2.3762    2.0828     1.8157  2.3190       2.1577   1.6712    2.1949      5.1817     2.6682    2.2280    2.2237    1.5529       2.3083   2.8584   1.8062    1.4581
flurazepam         2.5039       3.3027         3.0996  4.6295    2.6395      2.6329        2.9330          .      2.6583     3.3542       5.8124    3.7916    3.1174     2.9235  3.7093       3.5293   2.6592    3.5151      8.2676     4.2571    3.4530    3.5491    2.6004       3.6687   4.5879   2.9075    2.4651
lemborexant        1.5926       1.9361         1.9014  2.7284    1.7249      1.5324        1.7577     1.1227           .     2.0412       3.5510    2.2380    2.0452     1.7644  2.1113       2.1817   1.6243    2.0243      4.9940     2.5162    2.1321    2.1419    1.5391       2.2913   2.6516   1.6459    1.4455
loprazolam         1.6550       2.1455         1.9534  3.0018    1.8837      1.7223        1.8922     1.1982      1.7266          .       3.6232    2.4560    2.0871     1.7371  2.4485       2.2235   1.6817    2.3085      5.2537     2.7552    2.1544    2.2499    1.6952       2.2663   2.9956   1.9054    1.6181
lormetazepam       1.2736       1.7130         1.4856  2.3900    1.5006      1.3865        1.4952     0.9528      1.3783     1.6626            .    1.9527    1.6653     1.3483  1.9937       1.6859   1.2869    1.8685      4.0574     2.1880    1.8326    1.4926    1.3646       1.3814   2.4091   1.5403    1.3053
melatonin          1.1699       1.4423         1.3934  2.0261    1.2802      1.1446        1.3033     0.8308      1.1612     1.5065       2.6102         .    1.5079     1.3062  1.5887       1.6001   1.1919    1.5165      3.6901     1.8666    1.5837    1.5824    1.1508       1.6708   1.9936   1.2568    1.0828
midazolam          1.7576       2.3268         2.0899  3.2525    1.9984      1.8617        2.0156     1.2052      1.8722     2.2587       3.9274    2.6605         .     1.9945  2.6718       2.3307   1.8022    2.5116      5.6426     2.9836    2.2195    2.4265    1.8259       2.4151   3.2539   2.0729    1.7048
nitrazepam         1.9195       2.4855         2.2640  3.4822    2.1874      1.9942        2.1723     1.3973      1.9969     2.3242       3.9314    2.8491    2.4658          .  2.8420       2.5591   1.9493    2.6781      6.0639     3.1962    2.6411    2.5528    1.9200       2.5705   3.4539   2.1822    1.8559
placebo            0.9641       1.1055         1.1614  1.5676    0.9967      0.8515        1.0329     0.6600      0.8895     1.2195       2.1641    1.2901    1.2297     1.0580       .       1.3396   0.9869    1.0875      3.0183     1.4543    1.2440    1.2906    0.8756       1.4297   1.4821   0.8944    0.8074
propiomazine       2.4765       3.4006         2.8797  4.7360    2.9588      2.7272        2.8613     1.8697      2.7367     3.2974       5.4485    3.8685    3.1938     2.8365  3.9884            .   2.5031    3.7206      7.9355     4.3325    3.6078    3.4220    2.6827       3.1969   4.7971   3.0784    2.4292
quazepam           2.7346       3.6721         3.1909  5.1194    3.2166      2.9706        3.2169     2.0449      2.9576     3.6201       6.0373    4.1829    3.5849     3.1363  4.2654       3.6335        .    3.9993      8.7324     4.6873    3.9458    3.7613    2.9457       3.6165   5.1761   3.3224    2.8069
ramelteon          1.0698       1.2529         1.2853  1.7494    1.1234      0.9746        1.1556     0.7393      1.0082     1.3593       2.3975    1.4558    1.3665     1.1786  1.2855       1.4772   1.0939         .      3.3554     1.6394    1.3979    1.4358    0.9934       1.5723   1.6984   1.0455    0.9180
seltorexant        0.7508       0.9856         0.8813  1.3793    0.8673      0.7954        0.8687     0.5537      0.7919     0.9849       1.6577    1.1279    0.9775     0.8497  1.1361       1.0032   0.7605    1.0684           .     1.2647    1.0629    1.0226    0.7873       1.0149   1.3760   0.8707    0.7491
suvorexant         1.0545       1.3041         1.2552  1.8313    1.1568      1.0358        1.1770     0.7502      1.0499     1.3591       2.3521    1.5011    1.3599     1.1784  1.4402       1.4411   1.0741    1.3735      3.3275          .    1.4306    1.4271    1.0408       1.5030   1.8041   1.1384    0.9798
temazepam          1.2826       1.6067         1.5329  2.2570    1.4066      1.2763        1.4271     0.8836      1.2919     1.5432       2.8608    1.8495    1.4692     1.4140  1.7890       1.7427   1.3130    1.7007      4.0612     2.0775         .    1.7417    1.2443       1.8250   2.2174   1.3944    1.1892
trazodone          1.6968       2.2185         1.9941  3.1046    1.9527      1.7880        1.9570     1.2478      1.7831     2.2143       3.2013    2.5390    2.2067     1.8778  2.5502       2.2710   1.7196    2.4000      5.3682     2.8474    2.3929         .    1.7695       2.1929   3.0968   1.9615    1.6839
triazolam          1.5708       1.9032         1.8817  2.6841    1.6880      1.4931        1.6303     1.0906      1.5285     1.9902       3.4914    2.2027    1.9808     1.6849  2.0640       2.1238   1.6066    1.9807      4.9307     2.4771    2.0393    2.1108         .       2.2686   2.5735   1.6057    1.3617
trimipramine       4.6691       6.7014         5.3302  9.3029    5.8237      5.4793        5.7481     3.6496      5.3972     6.3109       8.3834    7.5853    6.2146     5.3502  7.9931       6.0032   4.6784    7.4360     15.0756     8.4849    7.0948    6.2049    5.3808            .   9.5411   6.1702    5.1683
zaleplon           0.8598       1.0218         1.0305  1.4459    0.9152      0.8032        0.9338     0.5987      0.8194     1.0944       1.9180    1.1873    1.0984     0.9431  1.0870       1.1817   0.8784    1.0538      2.6813     1.3361    1.1308    1.1495    0.8008       1.2517        .   0.8377    0.7547
zolpidem           1.2797       1.4822         1.5389  2.1145    1.3399      1.1587        1.3704     0.8812      1.1812     1.6166       2.8479    1.7384    1.6251     1.3838  1.5236       1.7612   1.3095    1.5066      3.9404     1.9580    1.6515    1.6910    1.1604       1.8799   1.9456        .    1.0795
zopiclone          1.5867       1.8991         1.9081  2.6804    1.6818      1.4433        1.6268     1.0987      1.5256     2.0189       3.5491    2.2026    1.9655     1.7307  2.0225       2.0438   1.6269    1.9453      4.9855     2.4783    2.0713    2.1347    1.4471       2.3156   2.5774   1.5874         .

Quantifying heterogeneity / inconsistency:
tau^2 = 0.0443; tau = 0.2105; I^2 = 36.4% [17.2%; 51.1%]

Tests of heterogeneity (within designs) and inconsistency (between designs):
                     Q d.f.  p-value
Total           135.11   86   0.0006
Within designs   47.83   44   0.3201
Between designs  87.29   42 < 0.0001
[1] "A total of 27 treatments are included in the network."
[1] "A total of 91 studies are included in this analysis."
[1] "A total of 28618 participants are included in this analysis, with 12421 events (43.4%)."
[1] "The following studies were included in this analysis: 2 3 5 6 8 9 10 11 13 15 19 21 23 24 25 29 30 31 32 34 36 37 39 43 44 45 46 48 49 51 58 59 60 61 62 63 65 66 68 69 70 73 75 76 77 83 86 87 88 89 90 91 92 99 102 104 106 108 111 113 114 115 119 120 124 125 126 127 129 130 131 132 133 134 136 137 139 141 143 145 146 149 150 153 154 155 158 159 160 161 165"
[1] "Estimated heterogeneity tau-squared0.04"
[1] "Global test for inconsistency, p-value 0.00005 (Q=87, d.o.f. 42)"
[1] "File created on 2022-01-25"
