Number of studies: k = 106
Number of treatments: n = 20
Number of pairwise comparisons: m = 154
Number of designs: d = 43

Fixed effects model

Treatment estimate (sm = 'OR'):
                 BZD-intermediate BZD-long BZD-short daridorexant diphenydramine doxepin doxylamine eszopiclone lemborexant melatonin placebo quetiapine ramelteon seltorexant suvorexant trazodone trimipramine zaleplon zolpidem zopiclone
BZD-intermediate                .   0.8734    0.6435       0.5668         0.4623  0.7953     1.2891      0.8683      0.9856    0.7790  0.7154     1.6693    0.6193      1.6701     0.8427    0.7955       0.9874   0.7764   0.8262    0.7154
BZD-long                   1.1450        .    0.7368       0.6490         0.5293  0.9106     1.4759      0.9942      1.1285    0.8919  0.8191     1.9112    0.7091      1.9122     0.9649    0.9108       1.1305   0.8890   0.9460    0.8192
BZD-short                  1.5540   1.3572         .       0.8809         0.7183  1.2358     2.0032      1.3494      1.5316    1.2105  1.1117     2.5940    0.9624      2.5953     1.3096    1.2362       1.5344   1.2065   1.2840    1.1118
daridorexant               1.7642   1.5408    1.1353            .         0.8155  1.4030     2.2741      1.5319      1.7387    1.3742  1.2621     2.9448    1.0926      2.9463     1.4867    1.4034       1.7419   1.3697   1.4576    1.2621
diphenydramine             2.1633   1.8894    1.3921       1.2263              .  1.7204     2.7886      1.8785      2.1321    1.6852  1.5476     3.6111    1.3398      3.6130     1.8231    1.7209       2.1360   1.6796   1.7874    1.5477
doxepin                    1.2574   1.0982    0.8092       0.7128         0.5813       .     1.6209      1.0919      1.2393    0.9795  0.8996     2.0990    0.7788      2.1001     1.0597    1.0003       1.2416   0.9763   1.0389    0.8996
doxylamine                 0.7758   0.6775    0.4992       0.4397         0.3586  0.6169          .      0.6736      0.7646    0.6043  0.5550     1.2949    0.4805      1.2956     0.6537    0.6171       0.7660   0.6023   0.6410    0.5550
eszopiclone                1.1516   1.0058    0.7411       0.6528         0.5324  0.9159     1.4845           .      1.1350    0.8971  0.8239     1.9224    0.7132      1.9234     0.9705    0.9161       1.1371   0.8941   0.9515    0.8239
lemborexant                1.0146   0.8862    0.6529       0.5751         0.4690  0.8069     1.3079      0.8810           .    0.7904  0.7259     1.6937    0.6284      1.6946     0.8550    0.8071       1.0018   0.7878   0.8383    0.7259
melatonin                  1.2837   1.1212    0.8261       0.7277         0.5934  1.0209     1.6548      1.1147      1.2652         .  0.9184     2.1429    0.7951      2.1440     1.0818    1.0212       1.2675   0.9967   1.0607    0.9184
placebo                    1.3978   1.2208    0.8995       0.7923         0.6462  1.1116     1.8019      1.2138      1.3777    1.0889       .     2.3333    0.8657      2.3345     1.1780    1.1120       1.3802   1.0853   1.1549    1.0001
quetiapine                 0.5991   0.5232    0.3855       0.3396         0.2769  0.4764     0.7722      0.5202      0.5904    0.4667  0.4286          .    0.3710      1.0005     0.5048    0.4766       0.5915   0.4651   0.4950    0.4286
ramelteon                  1.6146   1.4102    1.0390       0.9152         0.7464  1.2841     2.0814      1.4020      1.5913    1.2578  1.1551     2.6952         .      2.6966     1.3607    1.2844       1.5943   1.2536   1.3341    1.1552
seltorexant                0.5988   0.5230    0.3853       0.3394         0.2768  0.4762     0.7718      0.5199      0.5901    0.4664  0.4284     0.9995    0.3708           .     0.5046    0.4763       0.5912   0.4649   0.4947    0.4284
suvorexant                 1.1866   1.0364    0.7636       0.6726         0.5485  0.9437     1.5297      1.0304      1.1695    0.9244  0.8489     1.9808    0.7349      1.9818          .    0.9440       1.1717   0.9213   0.9804    0.8490
trazodone                  1.2571   1.0979    0.8089       0.7126         0.5811  0.9997     1.6205      1.0916      1.2390    0.9792  0.8993     2.0984    0.7786      2.0995     1.0594         .       1.2412   0.9760   1.0387    0.8994
trimipramine               1.0128   0.8846    0.6517       0.5741         0.4682  0.8054     1.3055      0.8794      0.9982    0.7889  0.7245     1.6906    0.6273      1.6915     0.8535    0.8057            .   0.7863   0.8368    0.7246
zaleplon                   1.2880   1.1249    0.8288       0.7301         0.5954  1.0243     1.6603      1.1184      1.2694    1.0033  0.9214     2.1500    0.7977      2.1511     1.0854    1.0246       1.2717        .   1.0642    0.9215
zolpidem                   1.2103   1.0571    0.7788       0.6861         0.5595  0.9625     1.5602      1.0509      1.1928    0.9428  0.8658     2.0203    0.7496      2.0213     1.0199    0.9628       1.1950   0.9397        .    0.8659
zopiclone                  1.3977   1.2208    0.8995       0.7923         0.6461  1.1116     1.8018      1.2137      1.3776    1.0888  0.9999     2.3332    0.8657      2.3344     1.1779    1.1119       1.3801   1.0852   1.1549         .

Lower 95%-confidence limit:
                 BZD-intermediate BZD-long BZD-short daridorexant diphenydramine doxepin doxylamine eszopiclone lemborexant melatonin placebo quetiapine ramelteon seltorexant suvorexant trazodone trimipramine zaleplon zolpidem zopiclone
BZD-intermediate                .   0.6575    0.5225       0.3387         0.1615  0.4837     0.5202      0.6186      0.6371    0.4571  0.5715     0.1184    0.4644      0.6051     0.5074    0.3735       0.3136   0.5361   0.6368    0.5360
BZD-long                   0.8619        .    0.5777       0.3833         0.1838  0.5472     0.5913      0.7007      0.7191    0.5176  0.6380     0.1353    0.5211      0.6883     0.5742    0.4204       0.3516   0.6032   0.7097    0.6185
BZD-short                  1.2617   1.0642         .       0.5315         0.2521  0.7594     0.8127      0.9800      1.0015    0.7172  0.9095     0.1843    0.7349      0.9448     0.7965    0.5803       0.4835   0.8445   1.0078    0.8635
daridorexant               1.0540   0.9099    0.6850            .         0.2641  0.7382     0.8397      0.8973      0.9564    0.7031  0.7935     0.2025    0.6642      0.9856     0.7762    0.5870       0.5049   0.7878   0.8917    0.7505
diphenydramine             0.7556   0.6562    0.4886       0.3971              .  0.5617     0.7197      0.6498      0.7134    0.5413  0.5538     0.2132    0.4720      0.8658     0.5925    0.4854       0.4575   0.5754   0.6309    0.5393
doxepin                    0.7647   0.6600    0.4972       0.3751         0.1898       .     0.6038      0.6508      0.6921    0.5082  0.5772     0.1448    0.4884      0.7081     0.5613    0.4226       0.3626   0.5706   0.6462    0.5443
doxylamine                 0.3131   0.2714    0.2025       0.1624         0.0926  0.2298          .      0.2683      0.2938    0.2210  0.2297     0.0803    0.1952      0.3448     0.2423    0.1965       0.1802   0.2384   0.2651    0.2236
eszopiclone                0.8204   0.7089    0.5382       0.3824         0.1841  0.5459     0.5913           .      0.7159    0.5166  0.6313     0.1358    0.5172      0.6889     0.5729    0.4187       0.3504   0.5988   0.6989    0.6051
lemborexant                0.6559   0.5647    0.4269       0.3163         0.1569  0.4506     0.5026      0.5557           .    0.4280  0.4976     0.1181    0.4136      0.5875     0.4734    0.3536       0.2993   0.4883   0.5634    0.4670
melatonin                  0.7533   0.6506    0.4894       0.3723         0.1906  0.5297     0.6051      0.6419      0.6851         .  0.5663     0.1469    0.4746      0.7109     0.5570    0.4224       0.3647   0.5634   0.6356    0.5364
placebo                    1.1167   0.9509    0.7359       0.4982         0.2312  0.7133     0.7457      0.9300      0.9445    0.6715       .     0.1671    0.7230      0.8654     0.7474    0.5312       0.4378   0.8018   0.9753    0.7901
quetiapine                 0.0425   0.0370    0.0274       0.0234         0.0163  0.0329     0.0479      0.0368      0.0412    0.0320  0.0307          .    0.0264      0.0598     0.0348    0.0308       0.0333   0.0327   0.0353    0.0304
ramelteon                  1.2108   1.0363    0.7934       0.5563         0.2629  0.8052     0.8458      1.0166      1.0474    0.7508  0.9647     0.1918         .      0.9835     0.8342    0.6005       0.4987   0.8814   1.0421    0.8587
seltorexant                0.2169   0.1882    0.1403       0.1135         0.0663  0.1606     0.2054      0.1862      0.2046    0.1547  0.1588     0.0597    0.1352           .     0.1694    0.1389       0.1297   0.1655   0.1829    0.1549
suvorexant                 0.7145   0.6167    0.4644       0.3512         0.1783  0.4999     0.5669      0.6082      0.6475    0.4759  0.5386     0.1364    0.4506      0.6652          .    0.3965       0.3407   0.5334   0.6035    0.5086
trazodone                  0.5903   0.5067    0.3797       0.2981         0.1639  0.4223     0.5160      0.4988      0.5427    0.4050  0.4297     0.1358    0.3640      0.6123     0.4449         .       0.3184   0.4428   0.4967    0.4174
trimipramine               0.3216   0.2751    0.2054       0.1664         0.1003  0.2352     0.3071      0.2710      0.2982    0.2270  0.2298     0.0953    0.1962      0.3711     0.2482    0.2067            .   0.2401   0.2628    0.2255
zaleplon                   0.8893   0.7633    0.5801       0.4199         0.2040  0.5986     0.6573      0.7490      0.7868    0.5672  0.6807     0.1513    0.5609      0.7657     0.6284    0.4648       0.3883        .   0.7799    0.6333
zolpidem                   0.9328   0.7930    0.6113       0.4197         0.1975  0.5987     0.6453      0.7719      0.8016    0.5649  0.7312     0.1439    0.5855      0.7473     0.6278    0.4604       0.3754   0.6887        .    0.6661
zopiclone                  1.0472   0.9218    0.6986       0.4711         0.2251  0.6726     0.7259      0.8913      0.8863    0.6359  0.7900     0.1653    0.6435      0.8443     0.7057    0.5160       0.4296   0.7458   0.8884         .

Upper 95%-confidence limit:
                 BZD-intermediate BZD-long BZD-short daridorexant diphenydramine doxepin doxylamine eszopiclone lemborexant melatonin placebo quetiapine ramelteon seltorexant suvorexant trazodone trimipramine zaleplon zolpidem zopiclone
BZD-intermediate                .   1.1602    0.7926       0.9488         1.3235  1.3076     3.1942      1.2189      1.5247    1.3275  0.8955    23.5339    0.8259      4.6097     1.3996    1.6941       3.1091   1.1245   1.0720    0.9549
BZD-long                   1.5209        .    0.9397       1.0991         1.5240  1.5152     3.6842      1.4107      1.7709    1.5370  1.0517    27.0067    0.9649      5.3122     1.6214    1.9735       3.6347   1.3101   1.2611    1.0849
BZD-short                  1.9140   1.7310         .       1.4599         2.0468  2.0113     4.9373      1.8579      2.3423    2.0432  1.3589    36.5013    1.2604      7.1291     2.1532    2.6335       4.8696   1.7237   1.6358    1.4315
daridorexant               2.9528   2.6092    1.8815            .         2.5184  2.6662     6.1587      2.6153      3.1611    2.6860  2.0074    42.8242    1.7975      8.8081     2.8475    3.3551       6.0094   2.3816   2.3826    2.1226
diphenydramine             6.1936   5.4404    3.9665       3.7869              .  5.2693    10.8045      5.4306      6.3719    5.2465  4.3248    61.1742    3.8032     15.0766     5.6089    6.1007       9.9728   4.9031   5.0643    4.4419
doxepin                    2.0676   1.8275    1.3169       1.3546         1.7803       .     4.3516      1.8320      2.2192    1.8880  1.4020    30.4184    1.2419      6.2281     2.0006    2.3678       4.2518   1.6705   1.6703    1.4868
doxylamine                 1.9222   1.6913    1.2304       1.1909         1.3894  1.6562          .      1.6911      1.9895    1.6526  1.3410    20.8776    1.1823      4.8677     1.7640    1.9380       3.2558   1.5214   1.5496    1.3776
eszopiclone                1.6166   1.4272    1.0204       1.1145         1.5390  1.5366     3.7268           .      1.7996    1.5579  1.0753    27.2075    0.9837      5.3696     1.6441    2.0047       3.6905   1.3352   1.2955    1.1219
lemborexant                1.5696   1.3906    0.9985       1.0456         1.4017  1.4449     3.4034      1.3969           .    1.4596  1.0588    24.2960    0.9547      4.8876     1.5443    1.8425       3.3533   1.2709   1.2475    1.1283
melatonin                  2.1876   1.9321    1.3944       1.4223         1.8475  1.9678     4.5255      1.9358      2.3364         .  1.4893    31.2689    1.3319      6.4661     2.1012    2.4689       4.4058   1.7632   1.7701    1.5726
placebo                    1.7497   1.5675    1.0995       1.2603         1.8057  1.7325     4.3540      1.5841      2.0095    1.7658       .    32.5837    1.0366      6.2980     1.8566    2.3275       4.3511   1.4690   1.3676    1.2658
quetiapine                 8.4459   7.3933    5.4246       4.9382         4.6912  6.9042    12.4504      7.3623      8.4697    6.8096  5.9848          .    5.2131     16.7370     7.3300    7.3659      10.4920   6.6087   6.9495    6.0483
ramelteon                  2.1532   1.9190    1.3607       1.5057         2.1186  2.0477     5.1216      1.9337      2.4178    2.1070  1.3830    37.8695         .      7.3937     2.2195    2.7473       5.0971   1.7830   1.7078    1.5540
seltorexant                1.6527   1.4528    1.0584       1.0147         1.1550  1.4122     2.8999      1.4515      1.7021    1.4067  1.1556    16.7199    1.0168           .     1.5034    1.6332       2.6947   1.3060   1.3382    1.1844
suvorexant                 1.9708   1.7416    1.2555       1.2883         1.6876  1.7816     4.1276      1.7456      2.1123    1.7954  1.3380    28.7599    1.1988      5.9047          .    2.2475       4.0289   1.5912   1.5929    1.4171
trazodone                  2.6770   2.3789    1.7233       1.7035         2.0600  2.3665     5.0889      2.3886      2.8282    2.3675  1.8824    32.4339    1.6653      7.1987     2.5223         .       4.8386   2.1516   2.1720    1.9380
trimipramine               3.1891   2.8439    2.0684       1.9806         2.1858  2.7582     5.5493      2.8542      3.3411    2.7423  2.2842    29.9873    2.0054      7.7096     2.9348    3.1407            .   2.5754   2.6641    2.3277
zaleplon                   1.8653   1.6578    1.1841       1.2694         1.7380  1.7527     4.1938      1.6700      2.0479    1.7749  1.2472    30.5476    1.1345      6.0429     1.8746    2.2586       4.1651        .   1.4521    1.3408
zolpidem                   1.5703   1.4091    0.9923       1.1214         1.5852  1.5474     3.7720      1.4308      1.7750    1.5734  1.0253    28.3656    0.9596      5.4678     1.6571    2.0134       3.8047   1.2822        .    1.1257
zopiclone                  1.8656   1.6168    1.1581       1.3324         1.8543  1.8371     4.4724      1.6527      2.1413    1.8643  1.2656    32.9260    1.1645      6.4541     1.9661    2.3960       4.4336   1.5791   1.5013         .

Random effects model

Treatment estimate (sm = 'OR'):
                 BZD-intermediate BZD-long BZD-short daridorexant diphenydramine doxepin doxylamine eszopiclone lemborexant melatonin placebo quetiapine ramelteon seltorexant suvorexant trazodone trimipramine zaleplon zolpidem zopiclone
BZD-intermediate                .   0.8987    0.6679       0.5860         0.4769  0.8218     1.3151      0.8927      1.0207    0.8031  0.7381     1.7222    0.6385      1.7061     0.8713    0.8078       1.0018   0.7941   0.8330    0.7394
BZD-long                   1.1127        .    0.7431       0.6520         0.5307  0.9144     1.4633      0.9932      1.1357    0.8936  0.8213     1.9163    0.7104      1.8983     0.9695    0.8988       1.1147   0.8836   0.9269    0.8228
BZD-short                  1.4973   1.3456         .       0.8774         0.7141  1.2305     1.9691      1.3366      1.5283    1.2025  1.1051     2.5786    0.9560      2.5545     1.3046    1.2095       1.5000   1.1889   1.2472    1.1071
daridorexant               1.7065   1.5337    1.1397            .         0.8139  1.4024     2.2443      1.5233      1.7418    1.3705  1.2595     2.9389    1.0895      2.9114     1.4868    1.3784       1.7096   1.3551   1.4215    1.2618
diphenydramine             2.0968   1.8844    1.4004       1.2287              .  1.7232     2.7576      1.8717      2.1402    1.6840  1.5476     3.6111    1.3387      3.5773     1.8269    1.6937       2.1006   1.6650   1.7466    1.5504
doxepin                    1.2168   1.0936    0.8127       0.7131         0.5803       .     1.6003      1.0862      1.2420    0.9773  0.8981     2.0956    0.7769      2.0760     1.0602    0.9829       1.2191   0.9663   1.0136    0.8998
doxylamine                 0.7604   0.6834    0.5078       0.4456         0.3626  0.6249          .      0.6788      0.7761    0.6107  0.5612     1.3095    0.4855      1.2973     0.6625    0.6142       0.7618   0.6038   0.6334    0.5622
eszopiclone                1.1203   1.0068    0.7482       0.6565         0.5343  0.9206     1.4733           .      1.1434    0.8997  0.8268     1.9293    0.7152      1.9113     0.9761    0.9049       1.1223   0.8896   0.9332    0.8284
lemborexant                0.9797   0.8805    0.6543       0.5741         0.4672  0.8051     1.2885      0.8745           .    0.7868  0.7231     1.6873    0.6255      1.6715     0.8536    0.7914       0.9815   0.7780   0.8161    0.7244
melatonin                  1.2451   1.1190    0.8316       0.7296         0.5938  1.0233     1.6375      1.1115      1.2709         .  0.9190     2.1444    0.7950      2.1243     1.0849    1.0058       1.2474   0.9887   1.0372    0.9207
placebo                    1.3548   1.2176    0.9049       0.7939         0.6462  1.1134     1.7818      1.2094      1.3829    1.0881       .     2.3333    0.8650      2.3115     1.1805    1.0944       1.3573   1.0758   1.1286    1.0018
quetiapine                 0.5806   0.5218    0.3878       0.3403         0.2769  0.4772     0.7636      0.5183      0.5927    0.4663  0.4286          .    0.3707      0.9906     0.5059    0.4690       0.5817   0.4611   0.4837    0.4294
ramelteon                  1.5662   1.4076    1.0461       0.9178         0.7470  1.2871     2.0598      1.3981      1.5987    1.2579  1.1560     2.6974         .      2.6722     1.3646    1.2652       1.5691   1.2437   1.3047    1.1581
seltorexant                0.5861   0.5268    0.3915       0.3435         0.2795  0.4817     0.7708      0.5232      0.5983    0.4707  0.4326     1.0094    0.3742           .     0.5107    0.4735       0.5872   0.4654   0.4882    0.4334
suvorexant                 1.1477   1.0315    0.7665       0.6726         0.5474  0.9432     1.5094      1.0245      1.1715    0.9218  0.8471     1.9766    0.7328      1.9581          .    0.9271       1.1498   0.9114   0.9560    0.8487
trazodone                  1.2380   1.1126    0.8268       0.7255         0.5904  1.0174     1.6281      1.1051      1.2636    0.9943  0.9137     2.1321    0.7904      2.1121     1.0786         .       1.2403   0.9830   1.0312    0.9154
trimipramine               0.9982   0.8971    0.6667       0.5849         0.4760  0.8203     1.3127      0.8910      1.0188    0.8017  0.7367     1.7191    0.6373      1.7030     0.8697    0.8063            .   0.7926   0.8315    0.7381
zaleplon                   1.2593   1.1318    0.8411       0.7380         0.6006  1.0349     1.6562      1.1241      1.2854    1.0114  0.9295     2.1688    0.8040      2.1485     1.0972    1.0172       1.2616        .   1.0490    0.9312
zolpidem                   1.2005   1.0789    0.8018       0.7035         0.5725  0.9866     1.5788      1.0716      1.2254    0.9642  0.8861     2.0675    0.7665      2.0482     1.0460    0.9697       1.2027   0.9533        .    0.8877
zopiclone                  1.3524   1.2154    0.9032       0.7925         0.6450  1.1114     1.7786      1.2072      1.3804    1.0861  0.9982     2.3291    0.8635      2.3073     1.1783    1.0924       1.3549   1.0739   1.1265         .

Lower 95%-confidence limit:
                 BZD-intermediate BZD-long BZD-short daridorexant diphenydramine doxepin doxylamine eszopiclone lemborexant melatonin placebo quetiapine ramelteon seltorexant suvorexant trazodone trimipramine zaleplon zolpidem zopiclone
BZD-intermediate                .   0.6667    0.5314       0.3435         0.1635  0.4933     0.5218      0.6238      0.6458    0.4618  0.5832     0.1212    0.4709      0.6088     0.5127    0.3740       0.3145   0.5408   0.6340    0.5433
BZD-long                   0.8254        .    0.5767       0.3779         0.1809  0.5425     0.5764      0.6879      0.7088    0.5084  0.6334     0.1346    0.5140      0.6730     0.5641    0.4086       0.3421   0.5917   0.6869    0.6114
BZD-short                  1.1913   1.0443         .       0.5196         0.2461  0.7465     0.7857      0.9533      0.9784    0.6984  0.8947     0.1819    0.7182      0.9161     0.7756    0.5593       0.4663   0.8213   0.9669    0.8453
daridorexant               1.0002   0.8888    0.6749            .         0.2579  0.7248     0.8118      0.8729      0.9352    0.6849  0.7793     0.2002    0.6494      0.9557     0.7567    0.5655       0.4872   0.7651   0.8545    0.7344
diphenydramine             0.7189   0.6425    0.4826       0.3893              .  0.5521     0.6960      0.6345      0.7005    0.5289  0.5447     0.2106    0.4629      0.8393     0.5800    0.4678       0.4411   0.5599   0.6056    0.5296
doxepin                    0.7303   0.6488    0.4931       0.3685         0.1859       .     0.5858      0.6369      0.6805    0.4975  0.5710     0.1435    0.4814      0.6890     0.5499    0.4087       0.3509   0.5575   0.6232    0.5360
doxylamine                 0.3017   0.2692    0.2026       0.1612         0.0915  0.2287          .      0.2653      0.2921    0.2186  0.2288     0.0803    0.1939      0.3386     0.2400    0.1919       0.1760   0.2351   0.2581    0.2224
eszopiclone                0.7829   0.6973    0.5336       0.3762         0.1811  0.5398     0.5759           .      0.7037    0.5063  0.6234     0.1352    0.5080      0.6730     0.5616    0.4064       0.3406   0.5854   0.6735    0.5980
lemborexant                0.6199   0.5495    0.4189       0.3083         0.1529  0.4411     0.4850      0.5382           .    0.4155  0.4866     0.1165    0.4026      0.5687     0.4598    0.3399       0.2883   0.4727   0.5379    0.4550
melatonin                  0.7160   0.6366    0.4829       0.3646         0.1865  0.5209     0.5861      0.6255      0.6711         .  0.5570     0.1456    0.4649      0.6907     0.5440    0.4077       0.3526   0.5481   0.6098    0.5258
placebo                    1.0705   0.9391    0.7326       0.4912         0.2274  0.7079     0.7265      0.9118      0.9305    0.6595       .     0.1660    0.7133      0.8455     0.7340    0.5161       0.4255   0.7875   0.9452    0.7791
quetiapine                 0.0409   0.0367    0.0274       0.0232         0.0161  0.0327     0.0468      0.0363      0.0409    0.0317  0.0305          .    0.0262      0.0586     0.0345    0.0300       0.0324   0.0322   0.0342    0.0302
ramelteon                  1.1552   1.0185    0.7858       0.5471         0.2583  0.7975     0.8228      0.9931      1.0289    0.7355  0.9532     0.1906         .      0.9596     0.8172    0.5823       0.4841   0.8618   1.0039    0.8436
seltorexant                0.2091   0.1868    0.1404       0.1128         0.0656  0.1599     0.2012      0.1842      0.2035    0.1531  0.1582     0.0597    0.1344           .     0.1679    0.1356       0.1266   0.1632   0.1781    0.1542
suvorexant                 0.6753   0.6002    0.4557       0.3423         0.1738  0.4893     0.5469      0.5895      0.6310    0.4622  0.5267     0.1348    0.4388      0.6438          .    0.3810       0.3283   0.5162   0.5757    0.4958
trazodone                  0.5732   0.5058    0.3824       0.2976         0.1631  0.4231     0.5086      0.4962      0.5427    0.4030  0.4309     0.1366    0.3638      0.6050     0.4433         .       0.3130   0.4393   0.4867    0.4178
trimipramine               0.3133   0.2753    0.2072       0.1667         0.1000  0.2361     0.3032      0.2704      0.2992    0.2266  0.2310     0.0959    0.1966      0.3671     0.2483    0.2035            .   0.2387   0.2579    0.2264
zaleplon                   0.8577   0.7579    0.5810       0.4167         0.2020  0.5971     0.6448      0.7398      0.7809    0.5607  0.6804     0.1515    0.5571      0.7533     0.6215    0.4546       0.3800        .   0.7609    0.6294
zolpidem                   0.9137   0.7996    0.6216       0.4229         0.1985  0.6066     0.6434      0.7734      0.8077    0.5668  0.7421     0.1462    0.5898      0.7470     0.6299    0.4577       0.3730   0.6914        .    0.6716
zopiclone                  0.9936   0.9032    0.6896       0.4613         0.2203  0.6621     0.7036      0.8714      0.8670    0.6202  0.7763     0.1637    0.6289      0.8209     0.6883    0.4985       0.4156   0.7258   0.8523         .

Upper 95%-confidence limit:
                 BZD-intermediate BZD-long BZD-short daridorexant diphenydramine doxepin doxylamine eszopiclone lemborexant melatonin placebo quetiapine ramelteon seltorexant suvorexant trazodone trimipramine zaleplon zolpidem zopiclone
BZD-intermediate                .   1.2115    0.8394       0.9998         1.3911  1.3692     3.3144      1.2773      1.6133    1.3967  0.9341    24.4620    0.8657      4.7814     1.4807    1.7445       3.1918   1.1659   1.0945    1.0064
BZD-long                   1.4999        .    0.9575       1.1251         1.5565  1.5413     3.7150      1.4341      1.8199    1.5709  1.0649    27.2802    0.9818      5.3546     1.6661    1.9770       3.6323   1.3195   1.2507    1.1072
BZD-short                  1.8819   1.7339         .       1.4817         2.0723  2.0281     4.9349      1.8739      2.3873    2.0706  1.3650    36.5515    1.2725      7.1229     2.1942    2.6153       4.8252   1.7211   1.6087    1.4500
daridorexant               2.9114   2.6462    1.9247            .         2.5686  2.7133     6.2042      2.6583      3.2441    2.7425  2.0357    43.1346    1.8279      8.8691     2.9215    3.3599       5.9989   2.3998   2.3647    2.1680
diphenydramine             6.1160   5.5274    4.0640       3.8780              .  5.3785    10.9254      5.5215      6.5391    5.3617  4.3973    61.9217    3.8716     15.2482     5.7540    6.1321      10.0046   4.9516   5.0374    4.5387
doxepin                    2.0274   1.8434    1.3395       1.3796         1.8114       .     4.3719      1.8524      2.2671    1.9197  1.4126    30.6129    1.2539      6.2557     2.0439    2.3638       4.2350   1.6747   1.6486    1.5104
doxylamine                 1.9163   1.7349    1.2727       1.2318         1.4368  1.7071          .      1.7364      2.0620    1.7062  1.3765    21.3451    1.2154      4.9699     1.8285    1.9663       3.2979   1.5508   1.5544    1.4212
eszopiclone                1.6030   1.4536    1.0490       1.1456         1.5761  1.5700     3.7691           .      1.8579    1.5987  1.0967    27.5294    1.0070      5.4275     1.6964    2.0151       3.6980   1.3518   1.2930    1.1475
lemborexant                1.5485   1.4109    1.0221       1.0693         1.4276  1.4696     3.4232      1.4210           .    1.4900  1.0747    24.4269    0.9719      4.9132     1.5847    1.8425       3.3419   1.2805   1.2381    1.1533
melatonin                  2.1653   1.9671    1.4319       1.4601         1.8907  2.0100     4.5751      1.9750      2.4066         .  1.5163    31.5917    1.3595      6.5336     2.1635    2.4815       4.4129   1.7836   1.7642    1.6123
placebo                    1.7147   1.5788    1.1177       1.2832         1.8359  1.7513     4.3702      1.6042      2.0552    1.7953       .    32.7970    1.0491      6.3196     1.8985    2.3205       4.3299   1.4698   1.3476    1.2882
quetiapine                 8.2474   7.4290    5.4970       4.9941         4.7486  6.9706    12.4472      7.3959      8.5802    6.8703  6.0239          .    5.2476     16.7523     7.4187    7.3209      10.4293   6.6009   6.8390    6.1074
ramelteon                  2.1236   1.9454    1.3924       1.5398         2.1602  2.0774     5.1567      1.9683      2.4839    2.1512  1.4020    38.1817         .      7.4408     2.2789    2.7487       5.0858   1.7949   1.6955    1.5900
seltorexant                1.6427   1.4858    1.0915       1.0463         1.1915  1.4515     2.9532      1.4858      1.7585    1.4478  1.1828    17.0702    1.0421           .     1.5532    1.6529       2.7239   1.3275   1.3387    1.2181
suvorexant                 1.9505   1.7727    1.2893       1.3216         1.7240  1.8184     4.1660      1.7807      2.1748    1.8383  1.3624    28.9857    1.2237      5.9557          .    2.2557       4.0276   1.6090   1.5876    1.4528
trazodone                  2.6736   2.4473    1.7879       1.7683         2.1376  2.4467     5.2124      2.4609      2.9420    2.4531  1.9374    33.2786    1.7173      7.3737     2.6244         .       4.9149   2.1999   2.1848    2.0059
trimipramine               3.1801   2.9231    2.1444       2.0525         2.2673  2.8497     5.6832      2.9359      3.4689    2.8360  2.3502    30.8203    2.0656      7.8997     3.0463    3.1952            .   2.6318   2.6809    2.4061
zaleplon                   1.8490   1.6902    1.2175       1.3069         1.7861  1.7937     4.2539      1.7082      2.1157    1.8245  1.2699    31.0495    1.1604      6.1279     1.9372    2.2764       4.1891        .   1.4463    1.3778
zolpidem                   1.5774   1.4559    1.0342       1.1703         1.6513  1.6046     3.8745      1.4848      1.8589    1.6400  1.0580    29.2338    0.9961      5.6157     1.7369    2.0545       3.8779   1.3143        .    1.1733
zopiclone                  1.8407   1.6356    1.1829       1.3616         1.8881  1.8657     4.4959      1.6724      2.1976    1.9020  1.2835    33.1302    1.1854      6.4848     2.0171    2.3937       4.4167   1.5889   1.4890         .

Quantifying heterogeneity / inconsistency:
tau^2 = 0.0090; tau = 0.0947; I^2 = 4.2% [0.0%; 24.4%]

Tests of heterogeneity (within designs) and inconsistency (between designs):
                     Q d.f. p-value
Total           114.83  110  0.3572
Within designs   72.29   68  0.3382
Between designs  42.54   42  0.4477
[1] "A total of 20 treatments are included in the network."
[1] "A total of 106 studies are included in this analysis."
[1] "A total of 31407 participants are included in this analysis, with 3166 events (10.08%)."
[1] "The following studies were included in this analysis: 1 2 3 4 5 6 7 8 9 10 11 12 16 19 21 22 23 24 25 26 27 29 30 32 33 36 37 39 41 44 45 46 48 49 51 57 58 59 60 61 62 63 65 66 67 68 69 76 77 82 83 84 85 87 88 89 90 91 92 94 99 102 103 104 105 106 108 111 113 114 115 117 119 122 123 124 125 126 127 128 129 130 131 132 133 134 135 137 139 140 142 143 144 145 146 149 152 153 154 155 156 158 159 160 161 162"
[1] "Estimated heterogeneity tau-squared0.01"
[1] "Global test for inconsistency, p-value 0.44775 (Q=43, d.o.f. 42)"
[1] "File created on 2022-01-25"
