Number of studies: k = 93
Number of treatments: n = 20
Number of pairwise comparisons: m = 135
Number of designs: d = 42

Fixed effects model

Treatment estimate (sm = 'OR'):
                 BZD-intermediate BZD-long BZD-short daridorexant diphenydramine doxepin eszopiclone lemborexant melatonin mirtazapine placebo propiomazine ramelteon seltorexant suvorexant trazodone trimipramine zaleplon zolpidem zopiclone
BZD-intermediate                .   0.7228    0.8256       1.0596         0.6962  1.4637      0.8683      0.8470    1.1954      1.2311  1.3169       0.7927    1.2225      2.1021     1.3232    0.8583       0.4792   1.4792   0.9655    0.8642
BZD-long                   1.3836        .    1.1423       1.4660         0.9633  2.0252      1.2013      1.1718    1.6539      1.7033  1.8220       1.0968    1.6915      2.9085     1.8308    1.1875       0.6630   2.0466   1.3359    1.1957
BZD-short                  1.2112   0.8754         .       1.2834         0.8433  1.7729      1.0517      1.0258    1.4478      1.4911  1.5950       0.9601    1.4807      2.5461     1.6027    1.0396       0.5804   1.7916   1.1695    1.0467
daridorexant               0.9438   0.6821    0.7792            .         0.6571  1.3814      0.8194      0.7993    1.1282      1.1618  1.2428       0.7481    1.1538      1.9839     1.2488    0.8100       0.4523   1.3960   0.9112    0.8156
diphenydramine             1.4363   1.0381    1.1858       1.5218              .  2.1023      1.2471      1.2164    1.7169      1.7681  1.8914       1.1385    1.7559      3.0192     1.9004    1.2327       0.6883   2.1245   1.3867    1.2412
doxepin                    0.6832   0.4938    0.5641       0.7239         0.4757       .      0.5932      0.5786    0.8167      0.8411  0.8997       0.5416    0.8352      1.4362     0.9040    0.5864       0.3274   1.0106   0.6596    0.5904
eszopiclone                1.1517   0.8324    0.9509       1.2203         0.8019  1.6858           .      0.9755    1.3767      1.4178  1.5167       0.9130    1.4080      2.4211     1.5239    0.9885       0.5519   1.7036   1.1120    0.9953
lemborexant                1.1807   0.8534    0.9748       1.2510         0.8221  1.7282      1.0252           .    1.4114      1.4535  1.5549       0.9359    1.4434      2.4820     1.5623    1.0134       0.5658   1.7465   1.1400    1.0204
melatonin                  0.8366   0.6046    0.6907       0.8864         0.5825  1.2245      0.7264      0.7085         .      1.0299  1.1017       0.6631    1.0227      1.7586     1.1069    0.7180       0.4009   1.2374   0.8077    0.7230
mirtazapine                0.8123   0.5871    0.6707       0.8607         0.5656  1.1890      0.7053      0.6880    0.9710           .  1.0697       0.6439    0.9931      1.7076     1.0748    0.6972       0.3893   1.2016   0.7843    0.7020
placebo                    0.7594   0.5488    0.6269       0.8046         0.5287  1.1115      0.6593      0.6431    0.9077      0.9348       .       0.6019    0.9283      1.5963     1.0048    0.6518       0.3639   1.1232   0.7332    0.6562
propiomazine               1.2615   0.9118    1.0416       1.3367         0.8783  1.8465      1.0953      1.0685    1.5080      1.5530  1.6613            .    1.5423      2.6519     1.6693    1.0828       0.6045   1.8661   1.2181    1.0902
ramelteon                  0.8180   0.5912    0.6753       0.8667         0.5695  1.1973      0.7102      0.6928    0.9778      1.0070  1.0772       0.6484         .      1.7195     1.0823    0.7021       0.3920   1.2099   0.7898    0.7069
seltorexant                0.4757   0.3438    0.3928       0.5040         0.3312  0.6963      0.4130      0.4029    0.5686      0.5856  0.6265       0.3771    0.5816           .     0.6294    0.4083       0.2280   0.7037   0.4593    0.4111
suvorexant                 0.7558   0.5462    0.6240       0.8008         0.5262  1.1062      0.6562      0.6401    0.9034      0.9304  0.9952       0.5991    0.9239      1.5887          .    0.6487       0.3622   1.1179   0.7297    0.6531
trazodone                  1.1651   0.8421    0.9619       1.2345         0.8112  1.7054      1.0116      0.9868    1.3927      1.4343  1.5343       0.9236    1.4244      2.4492     1.5417         .       0.5583   1.7234   1.1249    1.0069
trimipramine               2.0868   1.5082    1.7229       2.2111         1.4529  3.0545      1.8119      1.7674    2.4945      2.5690  2.7481       1.6542    2.5512      4.3868     2.7612    1.7911            .   3.0868   2.0149    1.8034
zaleplon                   0.6760   0.4886    0.5582       0.7163         0.4707  0.9895      0.5870      0.5726    0.8081      0.8323  0.8903       0.5359    0.8265      1.4211     0.8945    0.5802       0.3240        .   0.6527    0.5842
zolpidem                   1.0357   0.7486    0.8551       1.0974         0.7211  1.5160      0.8993      0.8772    1.2380      1.2750  1.3639       0.8210    1.2662      2.1772     1.3704    0.8889       0.4963   1.5320        .    0.8951
zopiclone                  1.1571   0.8363    0.9554       1.2261         0.8057  1.6937      1.0047      0.9800    1.3832      1.4245  1.5238       0.9172    1.4146      2.4325     1.5311    0.9932       0.5545   1.7116   1.1173         .

Lower 95%-confidence limit:
                 BZD-intermediate BZD-long BZD-short daridorexant diphenydramine doxepin eszopiclone lemborexant melatonin mirtazapine placebo propiomazine ramelteon seltorexant suvorexant trazodone trimipramine zaleplon zolpidem zopiclone
BZD-intermediate                .   0.5635    0.6496       0.8010         0.3464  1.0381      0.6754      0.6426    0.8772      0.4660  1.0825       0.3831    0.9756      1.2314     0.9804    0.5175       0.1573   1.1391   0.7756    0.6804
BZD-long                   1.0788        .    0.8989       1.0995         0.4776  1.4268      0.9271      0.8825    1.2047      0.6248  1.4806       0.5330    1.3371      1.6976     1.3461    0.7045       0.2146   1.5645   1.0654    0.9583
BZD-short                  0.9530   0.6888         .       0.9697         0.4194  1.2565      0.8182      0.7789    1.0617      0.5482  1.3096       0.4678    1.1811      1.4927     1.1865    0.6195       0.1882   1.3861   0.9442    0.8461
daridorexant               0.7135   0.5116    0.5888            .         0.3265  0.9772      0.6321      0.6042    0.8256      0.4227  1.0173       0.3590    0.9169      1.1596     0.9226    0.4795       0.1459   1.0692   0.7268    0.6290
diphenydramine             0.7145   0.5147    0.5897       0.7561              .  1.0159      0.6253      0.6049    0.8427      0.5345  0.9677       0.4299    0.8899      1.3090     0.9366    0.5389       0.1877   1.0618   0.7027    0.6221
doxepin                    0.4845   0.3479    0.3998       0.5121         0.2299       .      0.4277      0.4101    0.5640      0.3001  0.6784       0.2530    0.6208      0.8093     0.6293    0.3345       0.1038   0.7236   0.4865    0.4254
eszopiclone                0.8958   0.6424    0.7398       0.9414         0.4021  1.2155           .      0.7546    1.0291      0.5198  1.2856       0.4441    1.1532      1.4315     1.1509    0.5925       0.1792   1.3369   0.9116    0.8000
lemborexant                0.8959   0.6426    0.7401       0.9456         0.4088  1.2247      0.7930           .    1.0349      0.5294  1.2766       0.4499    1.1503      1.4564     1.1566    0.6019       0.1827   1.3474   0.9246    0.7910
melatonin                  0.6139   0.4404    0.5065       0.6487         0.2859  0.8456      0.5429      0.5195         .      0.3715  0.8670       0.3144    0.7849      1.0108     0.7958    0.4179       0.1284   0.9178   0.6195    0.5399
mirtazapine                0.3075   0.2154    0.2465       0.3132         0.1710  0.4243      0.2586      0.2506    0.3503           .  0.3970       0.1913    0.3663      0.5633     0.3888    0.2331       0.0888   0.4394   0.2897    0.2581
placebo                    0.6242   0.4460    0.5147       0.6586         0.2705  0.8381      0.5589      0.5280    0.7144      0.3470       .       0.2969    0.8294      0.9689     0.8007    0.4011       0.1195   0.9395   0.6540    0.5553
propiomazine               0.6096   0.4431    0.5075       0.6414         0.3316  0.8627      0.5328      0.5136    0.7150      0.4615  0.8194            .    0.7546      1.1182     0.7946    0.4605       0.1620   0.9022   0.5979    0.5486
ramelteon                  0.6527   0.4673    0.5387       0.6888         0.2886  0.8899      0.5817      0.5521    0.7504      0.3714  0.9623       0.3172         .      1.0307     0.8400    0.4266       0.1280   0.9797   0.6730    0.5797
seltorexant                0.2787   0.2007    0.2303       0.2946         0.1436  0.3924      0.2442      0.2364    0.3269      0.1932  0.3802       0.1590    0.3486           .     0.3637    0.2042       0.0673   0.4162   0.2787    0.2436
suvorexant                 0.5599   0.4016    0.4619       0.5916         0.2593  0.7700      0.4955      0.4739    0.6495      0.3366  0.7931       0.2852    0.7171      0.9180          .    0.3796       0.1163   0.8375   0.5660    0.4927
trazodone                  0.7024   0.4995    0.5732       0.7308         0.3546  0.9727      0.6063      0.5861    0.8106      0.4796  0.9444       0.3928    0.8655      1.2249     0.9022         .       0.1663   1.0318   0.6900    0.6051
trimipramine               0.6851   0.4881    0.5586       0.7135         0.3962  0.9687      0.5883      0.5708    0.7988      0.5860  0.9028       0.4432    0.8333      1.2955     0.8865    0.5336            .   1.0001   0.6585    0.5862
zaleplon                   0.5206   0.3735    0.4318       0.5486         0.2352  0.7085      0.4606      0.4417    0.5994      0.3043  0.7446       0.2591    0.6692      0.8406     0.6701    0.3474       0.1050        .   0.5432    0.4607
zolpidem                   0.8320   0.5970    0.6904       0.8753         0.3654  1.1180      0.7372      0.7115    0.9495      0.4710  1.2167       0.4030    1.0789      1.3212     1.0629    0.5452       0.1622   1.2750        .    0.7431
zopiclone                  0.9110   0.6703    0.7723       0.9455         0.4038  1.2205      0.8075      0.7598    1.0329      0.5238  1.2894       0.4616    1.1601      1.4411     1.1551    0.5969       0.1803   1.3496   0.9276         .

Upper 95%-confidence limit:
                 BZD-intermediate BZD-long BZD-short daridorexant diphenydramine doxepin eszopiclone lemborexant melatonin mirtazapine placebo propiomazine ramelteon seltorexant suvorexant trazodone trimipramine zaleplon zolpidem zopiclone
BZD-intermediate                .   0.9270    1.0494       1.4016         1.3996  2.0639      1.1163      1.1162    1.6289      3.2525  1.6020       1.6403    1.5320      3.5884     1.7859    1.4236       1.4596   1.9208   1.2020    1.0977
BZD-long                   1.7745        .    1.4517       1.9548         1.9429  2.8746      1.5567      1.5561    2.2706      4.6435  2.2422       2.2567    2.1398      4.9832     2.4899    2.0018       2.0488   2.6773   1.6751    1.4920
BZD-short                  1.5395   1.1125         .       1.6984         1.6958  2.5013      1.3517      1.3511    1.9745      4.0560  1.9427       1.9704    1.8564      4.3430     2.1648    1.7446       1.7901   2.3157   1.4485    1.2949
daridorexant               1.2484   0.9095    1.0312            .         1.3225  1.9527      1.0623      1.0576    1.5415      3.1932  1.5184       1.5591    1.4519      3.3943     1.6902    1.3684       1.4015   1.8228   1.1425    1.0576
diphenydramine             2.8872   2.0937    2.3845       3.0629              .  4.3502      2.4869      2.4462    3.4980      5.8494  3.6969       3.0154    3.4645      6.9636     3.8561    2.8199       2.5238   4.2508   2.7368    2.4763
doxepin                    0.9633   0.7009    0.7958       1.0233         0.9843       .      0.8227      0.8165    1.1826      2.3571  1.1932       1.1591    1.1237      2.5485     1.2986    1.0281       1.0323   1.4114   0.8945    0.8194
eszopiclone                1.4807   1.0786    1.2222       1.5820         1.5992  2.3381           .      1.2610    1.8418      3.8676  1.7894       1.8769    1.7192      4.0948     2.0180    1.6493       1.6998   2.1710   1.3565    1.2384
lemborexant                1.5561   1.1332    1.2839       1.6552         1.6531  2.4386      1.3253           .    1.9248      3.9908  1.8938       1.9469    1.8114      4.2298     2.1103    1.7062       1.7520   2.2638   1.4056    1.3162
melatonin                  1.1400   0.8301    0.9419       1.2112         1.1867  1.7731      0.9717      0.9663         .      2.8550  1.3998       1.3986    1.3327      3.0595     1.5397    1.2336       1.2518   1.6684   1.0532    0.9681
mirtazapine                2.1461   1.6005    1.8243       2.3655         1.8710  3.3321      1.9239      1.8889    2.6918           .  2.8821       2.1670    2.6924      5.1762     2.9711    2.0849       1.7065   3.2860   2.1233    1.9092
placebo                    0.9238   0.6754    0.7636       0.9830         1.0334  1.4740      0.7779      0.7833    1.1534      2.5186       .       1.2204    1.0391      2.6299     1.2608    1.0589       1.1077   1.3430   0.8219    0.7755
propiomazine               2.6106   1.8761    2.1376       2.7857         2.3263  3.9521      2.2519      2.2226    3.1806      5.2267  3.3683            .    3.1522      6.2892     3.5069    2.5459       2.2562   3.8596   2.4813    2.1666
ramelteon                  1.0250   0.7479    0.8466       1.0906         1.1237  1.6108      0.8672      0.8694    1.2741      2.7301  1.2057       1.3252         .      2.8685     1.3945    1.1554       1.2000   1.4943   0.9269    0.8620
seltorexant                0.8121   0.5891    0.6699       0.8624         0.7639  1.2356      0.6986      0.6866    0.9893      1.7752  1.0321       0.8943    0.9702           .     1.0893    0.8164       0.7719   1.1896   0.7569    0.6939
suvorexant                 1.0200   0.7429    0.8428       1.0839         1.0677  1.5891      0.8689      0.8646    1.2566      2.5718  1.2488       1.2586    1.1904      2.7493          .    1.1084       1.1280   1.4923   0.9408    0.8657
trazodone                  1.9325   1.4195    1.6143       2.0855         1.8556  2.9899      1.6878      1.6615    2.3929      4.2892  2.4929       2.1716    2.3441      4.8971     2.6344         .       1.8739   2.8786   1.8340    1.6754
trimipramine               6.3562   4.6607    5.3139       6.8520         5.3279  9.6317      5.5803      5.4731    7.7895     11.2627  8.3656       6.1735    7.8101     14.8544     8.6003    6.0114            .   9.5272   6.1649    5.5478
zaleplon                   0.8779   0.6392    0.7214       0.9353         0.9418  1.3820      0.7480      0.7422    1.0895      2.2760  1.0644       1.1084    1.0207      2.4025     1.1941    0.9692       0.9999        .   0.7843    0.7410
zolpidem                   1.2894   0.9386    1.0591       1.3760         1.4232  2.0556      1.0970      1.0815    1.6143      3.4518  1.5290       1.6724    1.4860      3.5879     1.7669    1.4493       1.5186   1.8408        .    1.0781
zopiclone                  1.4698   1.0436    1.1818       1.5899         1.6073  2.3505      1.2500      1.2642    1.8523      3.8744  1.8009       1.8228    1.7251      4.1058     2.0295    1.6526       1.7058   2.1708   1.3457         .

Random effects model

Treatment estimate (sm = 'OR'):
                 BZD-intermediate BZD-long BZD-short daridorexant diphenydramine doxepin eszopiclone lemborexant melatonin mirtazapine placebo propiomazine ramelteon seltorexant suvorexant trazodone trimipramine zaleplon zolpidem zopiclone
BZD-intermediate                .   0.7133    0.8260       1.0832         0.7124  1.4940      0.9521      0.8712    1.2141      1.2311  1.3474       0.7511    1.2370      2.1814     1.3539    0.8744       0.4834   1.5610   1.0184    0.8188
BZD-long                   1.4019        .    1.1580       1.5185         0.9987  2.0944      1.3348      1.2214    1.7020      1.7258  1.8889       1.0529    1.7341      3.0581     1.8981    1.2258       0.6776   2.1884   1.4276    1.1479
BZD-short                  1.2106   0.8636         .       1.3113         0.8624  1.8087      1.1527      1.0548    1.4698      1.4904  1.6312       0.9093    1.4975      2.6409     1.6392    1.0585       0.5852   1.8898   1.2329    0.9913
daridorexant               0.9232   0.6585    0.7626            .         0.6577  1.3792      0.8790      0.8043    1.1209      1.1365  1.2439       0.6934    1.1420      2.0139     1.2500    0.8072       0.4463   1.4412   0.9402    0.7559
diphenydramine             1.4037   1.0013    1.1595       1.5205              .  2.0971      1.3365      1.2230    1.7043      1.7281  1.8914       1.0543    1.7364      3.0622     1.9006    1.2274       0.6785   2.1913   1.4295    1.1494
doxepin                    0.6694   0.4775    0.5529       0.7250         0.4768       .      0.6373      0.5832    0.8127      0.8240  0.9019       0.5027    0.8280      1.4602     0.9063    0.5853       0.3236   1.0449   0.6817    0.5481
eszopiclone                1.0503   0.7492    0.8675       1.1376         0.7482  1.5691           .      0.9150    1.2751      1.2930  1.4152       0.7888    1.2992      2.2911     1.4220    0.9183       0.5077   1.6395   1.0696    0.8600
lemborexant                1.1478   0.8188    0.9481       1.2433         0.8177  1.7148      1.0929           .    1.3935      1.4130  1.5466       0.8621    1.4198      2.5038     1.5541    1.0036       0.5548   1.7917   1.1689    0.9398
melatonin                  0.8237   0.5875    0.6803       0.8922         0.5868  1.2305      0.7842      0.7176         .      1.0140  1.1098       0.6186    1.0188      1.7967     1.1152    0.7202       0.3981   1.2857   0.8388    0.6744
mirtazapine                0.8123   0.5794    0.6710       0.8799         0.5787  1.2135      0.7734      0.7077    0.9862           .  1.0945       0.6101    1.0048      1.7720     1.0998    0.7102       0.3927   1.2680   0.8272    0.6651
placebo                    0.7422   0.5294    0.6130       0.8039         0.5287  1.1088      0.7066      0.6466    0.9011      0.9137       .       0.5574    0.9180      1.6190     1.0049    0.6489       0.3587   1.1585   0.7558    0.6077
propiomazine               1.3315   0.9498    1.0998       1.4422         0.9485  1.9891      1.2677      1.1600    1.6165      1.6391  1.7940            .    1.6470      2.9045     1.8027    1.1642       0.6436   2.0784   1.3559    1.0902
ramelteon                  0.8084   0.5767    0.6678       0.8757         0.5759  1.2078      0.7697      0.7043    0.9815      0.9952  1.0893       0.6072         .      1.7635     1.0946    0.7069       0.3908   1.2620   0.8233    0.6620
seltorexant                0.4584   0.3270    0.3787       0.4965         0.3266  0.6849      0.4365      0.3994    0.5566      0.5643  0.6177       0.3443    0.5670           .     0.6207    0.4008       0.2216   0.7156   0.4668    0.3754
suvorexant                 0.7386   0.5268    0.6101       0.8000         0.5262  1.1034      0.7032      0.6435    0.8967      0.9092  0.9952       0.5547    0.9136      1.6112          .    0.6458       0.3570   1.1529   0.7522    0.6048
trazodone                  1.1437   0.8158    0.9447       1.2388         0.8147  1.7086      1.0889      0.9964    1.3886      1.4080  1.5410       0.8590    1.4147      2.4949     1.5485         .       0.5528   1.7853   1.1647    0.9365
trimipramine               2.0688   1.4757    1.7088       2.2408         1.4738  3.0907      1.9697      1.8024    2.5117      2.5468  2.7875       1.5538    2.5590      4.5129     2.8010    1.8089            .   3.2294   2.1068    1.6939
zaleplon                   0.6406   0.4570    0.5291       0.6939         0.4564  0.9570      0.6099      0.5581    0.7778      0.7886  0.8632       0.4811    0.7924      1.3974     0.8673    0.5601       0.3097        .   0.6524    0.5245
zolpidem                   0.9820   0.7005    0.8111       1.0636         0.6995  1.4670      0.9349      0.8555    1.1922      1.2089  1.3231       0.7375    1.2146      2.1421     1.3295    0.8586       0.4747   1.5329        .    0.8040
zopiclone                  1.2213   0.8712    1.0088       1.3229         0.8700  1.8245      1.1628      1.0640    1.4828      1.5035  1.6456       0.9172    1.5107      2.6641     1.6535    1.0678       0.5903   1.9064   1.2437         .

Lower 95%-confidence limit:
                 BZD-intermediate BZD-long BZD-short daridorexant diphenydramine doxepin eszopiclone lemborexant melatonin mirtazapine placebo propiomazine ramelteon seltorexant suvorexant trazodone trimipramine zaleplon zolpidem zopiclone
BZD-intermediate                .   0.5276    0.6155       0.7279         0.3115  0.9807      0.6874      0.5869    0.7874      0.4265  1.0649       0.3158    0.9262      1.1248     0.8689    0.4830       0.1493   1.1220   0.7776    0.5976
BZD-long                   1.0369        .    0.8510       1.0045         0.4333  1.3541      0.9453      0.8101    1.0875      0.5733  1.4541       0.4433    1.2715      1.5626     1.2006    0.6593       0.2049   1.5454   1.0690    0.8408
BZD-short                  0.9021   0.6346         .       0.8724         0.3751  1.1752      0.8214      0.7039    0.9437      0.4961  1.2662       0.3837    1.1057      1.3552     1.0416    0.5718       0.1773   1.3530   0.9348    0.7307
daridorexant               0.6204   0.4356    0.5073            .         0.2795  0.8580      0.5890      0.5119    0.6898      0.3664  0.9018       0.2816    0.7938      1.0021     0.7621    0.4194       0.1321   0.9676   0.6637    0.5065
diphenydramine             0.6139   0.4344    0.5044       0.6462              .  0.8817      0.5838      0.5200    0.7123      0.4505  0.8559       0.3315    0.7717      1.1178     0.7902    0.4616       0.1646   0.9567   0.6372    0.5017
doxepin                    0.4394   0.3087    0.3592       0.4510         0.2005       .      0.4175      0.3632    0.4909      0.2634  0.6361       0.2020    0.5686      0.7156     0.5425    0.2994       0.0951   0.6837   0.4652    0.3587
eszopiclone                0.7583   0.5306    0.6182       0.7622         0.3268  1.0278           .      0.6141    0.8252      0.4266  1.1142       0.3327    0.9701      1.1778     0.9107    0.4948       0.1534   1.1699   0.8075    0.6332
lemborexant                0.7733   0.5431    0.6327       0.7912         0.3477  1.0678      0.7335           .    0.8585      0.4559  1.1229       0.3506    0.9883      1.2497     0.9485    0.5228       0.1644   1.2089   0.8342    0.6317
melatonin                  0.5342   0.3754    0.4368       0.5491         0.2452  0.7433      0.5075      0.4421         .      0.3227  0.7715       0.2471    0.6820      0.8742     0.6610    0.3656       0.1165   0.8313   0.5649    0.4358
mirtazapine                0.2814   0.1925    0.2233       0.2836         0.1508  0.3879      0.2552      0.2283    0.3138           .  0.3695       0.1552    0.3349      0.5077     0.3486    0.2108       0.0807   0.4178   0.2771    0.2201
placebo                    0.5866   0.4075    0.4758       0.5828         0.2392  0.7820      0.5564      0.4695    0.6264      0.3085       .       0.2401    0.7746      0.8693     0.6899    0.3661       0.1109   0.9106   0.6471    0.4772
propiomazine               0.5599   0.3999    0.4641       0.5858         0.2983  0.7994      0.5348      0.4718    0.6458      0.4169  0.7726            .    0.6990      1.0220     0.7166    0.4220       0.1521   0.8684   0.5795    0.4864
ramelteon                  0.6053   0.4228    0.4930       0.6087         0.2560  0.8295      0.5748      0.4903    0.6571      0.3317  0.9191       0.2577         .      0.9257     0.7245    0.3892       0.1194   0.9402   0.6545    0.4961
seltorexant                0.2364   0.1671    0.1943       0.2471         0.1192  0.3356      0.2244      0.1993    0.2708      0.1617  0.3316       0.1211    0.2976           .     0.3001    0.1731       0.0587   0.3702   0.2506    0.1934
suvorexant                 0.4740   0.3332    0.3877       0.4877         0.2188  0.6605      0.4504      0.3927    0.5315      0.2882  0.6833       0.2205    0.6047      0.7790          .    0.3256       0.1041   0.7377   0.5008    0.3868
trazodone                  0.6318   0.4388    0.5103       0.6437         0.3064  0.8740      0.5868      0.5191    0.7048      0.4179  0.8694       0.3114    0.7789      1.0772     0.7807         .       0.1506   0.9660   0.6537    0.5062
trimipramine               0.6391   0.4462    0.5177       0.6635         0.3574  0.9082      0.5952      0.5340    0.7349      0.5234  0.8618       0.3672    0.7816      1.1961     0.8165    0.4928            .   0.9751   0.6456    0.5125
zaleplon                   0.4604   0.3227    0.3788       0.4659         0.1992  0.6262      0.4352      0.3766    0.5029      0.2598  0.6784       0.2010    0.5903      0.7230     0.5550    0.3031       0.0935        .   0.5097    0.3763
zolpidem                   0.7498   0.5245    0.6150       0.7508         0.3118  1.0012      0.7059      0.6105    0.8029      0.4049  1.1327       0.3152    0.9657      1.1498     0.8852    0.4819       0.1454   1.1976        .    0.6157
zopiclone                  0.8913   0.6381    0.7436       0.8863         0.3798  1.1942      0.8562      0.7151    0.9582      0.4976  1.2923       0.4093    1.1321      1.3728     1.0576    0.5772       0.1786   1.3677   0.9523         .

Upper 95%-confidence limit:
                 BZD-intermediate BZD-long BZD-short daridorexant diphenydramine doxepin eszopiclone lemborexant melatonin mirtazapine placebo propiomazine ramelteon seltorexant suvorexant trazodone trimipramine zaleplon zolpidem zopiclone
BZD-intermediate                .   0.9644    1.1085       1.6118         1.6290  2.2758      1.3188      1.2932    1.8721      3.5532  1.7048       1.7861    1.6520      4.2308     2.1097    1.5827       1.5647   2.1718   1.3337    1.1219
BZD-long                   1.8953        .    1.5758       2.2955         2.3018  3.2392      1.8847      1.8414    2.6637      5.1952  2.4537       2.5007    2.3649      5.9848     3.0008    2.2789       2.2410   3.0989   1.9067    1.5671
BZD-short                  1.6247   1.1752         .       1.9712         1.9827  2.7836      1.6176      1.5804    2.2894      4.4775  2.1015       2.1547    2.0282      5.1466     2.5794    1.9596       1.9318   2.6397   1.6261    1.3449
daridorexant               1.3737   0.9955    1.1463            .         1.5476  2.2173      1.3119      1.2639    1.8213      3.5255  1.7159       1.7071    1.6429      4.0472     2.0502    1.5536       1.5071   2.1465   1.3319    1.1283
diphenydramine             3.2100   2.3079    2.6656       3.5779              .  4.9878      3.0597      2.8761    4.0775      6.6295  4.1799       3.3528    3.9070      8.3885     4.5711    3.2636       2.7978   5.0189   3.2071    2.6332
doxepin                    1.0197   0.7385    0.8509       1.1656         1.1341       .      0.9729      0.9365    1.3453      2.5778  1.2788       1.2509    1.2056      2.9794     1.5139    1.1442       1.1011   1.5968   0.9988    0.8374
eszopiclone                1.4547   1.0579    1.2175       1.6979         1.7128  2.3953           .      1.3634    1.9703      3.9190  1.7974       1.8700    1.7398      4.4569     2.2203    1.7042       1.6800   2.2977   1.4167    1.1680
lemborexant                1.7038   1.2344    1.4206       1.9536         1.9229  2.7536      1.6283           .    2.2620      4.3794  2.1300       2.1194    2.0396      5.0165     2.5463    1.9265       1.8726   2.6557   1.6379    1.3983
melatonin                  1.2700   0.9195    1.0597       1.4497         1.4038  2.0371      1.2118      1.1648         .      3.1864  1.5964       1.5485    1.5219      3.6927     1.8815    1.4188       1.3607   1.9886   1.2455    1.0436
mirtazapine                2.3446   1.7443    2.0158       2.7293         2.2200  3.7964      2.3443      2.1934    3.0992           .  3.2416       2.3984    3.0148      6.1844     3.4701    2.3932       1.9105   3.8485   2.4697    2.0097
placebo                    0.9390   0.6877    0.7898       1.1089         1.1684  1.5721      0.8975      0.8905    1.2962      2.7060       .       1.2943    1.0881      3.0153     1.4635    1.1502       1.1604   1.4740   0.8828    0.7738
propiomazine               3.1664   2.2557    2.6062       3.5507         3.0164  4.9494      3.0053      2.8519    4.0464      6.4438  4.1658            .    3.8806      8.2542     4.5351    3.2116       2.7232   4.9745   3.1725    2.4435
ramelteon                  1.0797   0.7865    0.9044       1.2598         1.2958  1.7586      1.0308      1.0118    1.4662      2.9861  1.2910       1.4306         .      3.3597     1.6536    1.2839       1.2794   1.6939   1.0355    0.8833
seltorexant                0.8891   0.6399    0.7379       0.9979         0.8946  1.3974      0.8491      0.8002    1.1438      1.9696  1.1504       0.9785    1.0803           .     1.2837    0.9283       0.8360   1.3832   0.8697    0.7284
suvorexant                 1.1509   0.8329    0.9600       1.3122         1.2654  1.8432      1.0980      1.0543    1.5129      2.8688  1.4494       1.3955    1.3802      3.3323          .    1.2808       1.2247   1.8019   1.1298    0.9456
trazodone                  2.0702   1.5167    1.7489       2.3843         2.1664  3.3404      2.0209      1.9127    2.7355      4.7441  2.7313       2.3696    2.5696      5.7783     3.0713         .       2.0291   3.2997   2.0751    1.7324
trimipramine               6.6965   4.8803    5.6410       7.5676         6.0767 10.5182      6.5183      6.0832    8.5839     12.3916  9.0165       6.5743    8.3784     17.0270     9.6084    6.6391            .  10.6952   6.8753    5.5993
zaleplon                   0.8913   0.6471    0.7391       1.0335         1.0452  1.4626      0.8548      0.8272    1.2029      2.3935  1.0982       1.1515    1.0636      2.7011     1.3555    1.0352       1.0255        .   0.8350    0.7312
zolpidem                   1.2860   0.9355    1.0698       1.5068         1.5694  2.1496      1.2384      1.1988    1.7703      3.6090  1.5454       1.7256    1.5278      3.9906     1.9970    1.5297       1.5490   1.9621        .    1.0501
zopiclone                  1.6734   1.1894    1.3686       1.9745         1.9932  2.7875      1.5793      1.5831    2.2944      4.5428  2.0954       2.0558    2.0159      5.1701     2.5854    1.9754       1.9514   2.6574   1.6243         .

Quantifying heterogeneity / inconsistency:
tau^2 = 0.0468; tau = 0.2163; I^2 = 36.8% [18.7%; 50.8%]

Tests of heterogeneity (within designs) and inconsistency (between designs):
                     Q d.f.  p-value
Total           148.66   94   0.0003
Within designs   61.32   56   0.2910
Between designs  87.34   38 < 0.0001
[1] "A total of 20 treatments are included in the network."
[1] "A total of 93 studies are included in this analysis."
[1] "A total of 28776 participants are included in this analysis, with 12465 events (43.32%)."
[1] "The following studies were included in this analysis: 2 3 5 6 8 9 10 11 13 15 19 21 23 24 25 29 30 31 32 34 36 37 39 43 44 45 46 48 49 51 58 59 60 61 62 63 65 66 68 69 70 73 75 76 77 83 86 87 88 89 90 91 92 99 102 104 106 108 111 113 114 115 119 120 124 125 126 127 129 130 131 132 133 134 136 137 139 141 143 145 146 149 150 153 154 155 158 159 160 161 164 165 170"
[1] "Estimated heterogeneity tau-squared0.05"
[1] "Global test for inconsistency, p-value 0.00001 (Q=87, d.o.f. 38)"
[1] "File created on 2022-01-25"
