Number of studies: k = 54
Number of treatments: n = 17
Number of pairwise comparisons: m = 81
Number of designs: d = 27

Fixed effects model

Treatment estimate (sm = 'OR'):
                 BZD-intermediate BZD-long BZD-short daridorexant doxepin doxylamine eszopiclone lemborexant mirtazapine placebo ramelteon seltorexant suvorexant trazodone zaleplon zolpidem
BZD-intermediate                .   0.6320    0.8902       1.1406  1.2400     0.4421      0.9776      0.2706      1.0625  1.9653    1.0490      2.4356     0.9196    0.5971   1.7484   0.9252
BZD-long                   1.5823        .    1.4085       1.8048  1.9621     0.6995      1.5469      0.4282      1.6812  3.1097    1.6599      3.8539     1.4550    0.9448   2.7665   1.4640
BZD-short                  1.1234   0.7100         .       1.2813  1.3930     0.4966      1.0982      0.3040      1.1936  2.2078    1.1784      2.7361     1.0330    0.6708   1.9641   1.0394
daridorexant               0.8767   0.5541    0.7804            .  1.0871     0.3876      0.8571      0.2373      0.9315  1.7230    0.9197      2.1353     0.8062    0.5235   1.5328   0.8112
doxepin                    0.8064   0.5097    0.7179       0.9198       .     0.3565      0.7884      0.2183      0.8568  1.5849    0.8460      1.9642     0.7416    0.4815   1.4100   0.7461
doxylamine                 2.2621   1.4296    2.0137       2.5802  2.8050          .      2.2115      0.6122      2.4034  4.4457    2.3730      5.5095     2.0801    1.3507   3.9550   2.0929
eszopiclone                1.0229   0.6465    0.9106       1.1667  1.2684     0.4522           .      0.2768      1.0868  2.0103    1.0730      2.4914     0.9406    0.6108   1.7884   0.9464
lemborexant                3.6948   2.3351    3.2891       4.2144  4.5817     1.6334      3.6122           .      3.9258  7.2616    3.8760      8.9992     3.3977    2.2062   6.4600   3.4186
mirtazapine                0.9412   0.5948    0.8378       1.0735  1.1671     0.4161      0.9201      0.2547           .  1.8497    0.9873      2.2924     0.8655    0.5620   1.6455   0.8708
placebo                    0.5088   0.3216    0.4529       0.5804  0.6310     0.2249      0.4974      0.1377      0.5406       .    0.5338      1.2393     0.4679    0.3038   0.8896   0.4708
ramelteon                  0.9533   0.6025    0.8486       1.0873  1.1821     0.4214      0.9319      0.2580      1.0128  1.8735         .      2.3218     0.8766    0.5692   1.6667   0.8820
seltorexant                0.4106   0.2595    0.3655       0.4683  0.5091     0.1815      0.4014      0.1111      0.4362  0.8069    0.4307           .     0.3776    0.2452   0.7178   0.3799
suvorexant                 1.0875   0.6873    0.9680       1.2404  1.3485     0.4807      1.0631      0.2943      1.1554  2.1372    1.1408      2.6486          .    0.6493   1.9013   1.0061
trazodone                  1.6747   1.0584    1.4908       1.9103  2.0767     0.7404      1.6373      0.4533      1.7794  3.2914    1.7569      4.0791     1.5401         .   2.9281   1.5495
zaleplon                   0.5720   0.3615    0.5091       0.6524  0.7092     0.2528      0.5592      0.1548      0.6077  1.1241    0.6000      1.3931     0.5260    0.3415        .   0.5292
zolpidem                   1.0808   0.6831    0.9621       1.2328  1.3402     0.4778      1.0566      0.2925      1.1484  2.1242    1.1338      2.6325     0.9939    0.6454   1.8897        .
zopiclone                  1.6291   1.0296    1.4502       1.8582  2.0202     0.7202      1.5927      0.4409      1.7309  3.2018    1.7090      3.9679     1.4981    0.9728   2.8483   1.5073
                 zopiclone
BZD-intermediate    0.6138
BZD-long            0.9713
BZD-short           0.6895
daridorexant        0.5382
doxepin             0.4950
doxylamine          1.3885
eszopiclone         0.6279
lemborexant         2.2680
mirtazapine         0.5777
placebo             0.3123
ramelteon           0.5851
seltorexant         0.2520
suvorexant          0.6675
trazodone           1.0280
zaleplon            0.3511
zolpidem            0.6634
zopiclone                .

Lower 95%-confidence limit:
                 BZD-intermediate BZD-long BZD-short daridorexant doxepin doxylamine eszopiclone lemborexant mirtazapine placebo ramelteon seltorexant suvorexant trazodone zaleplon zolpidem
BZD-intermediate                .   0.4081    0.5377       0.4016  0.5325     0.1683      0.5715      0.1382      0.1997  1.4151    0.6449      0.6798     0.4902    0.2961   0.9632   0.5984
BZD-long                   1.0217        .    0.8802       0.6165  0.8123     0.2577      0.8550      0.2088      0.2987  2.0562    0.9598      1.0491     0.7389    0.4454   1.4500   0.8838
BZD-short                  0.6786   0.4436         .       0.4247  0.5538     0.1772      0.5724      0.1415      0.2083  1.3470    0.6398      0.7278     0.4981    0.3036   0.9886   0.5942
daridorexant               0.3086   0.1893    0.2587            .  0.3073     0.1025      0.2906      0.0755      0.1298  0.6371    0.3194      0.4474     0.2603    0.1645   0.5179   0.2999
doxepin                    0.3463   0.2110    0.2854       0.2600       .     0.1074      0.3247      0.0821      0.1317  0.7274    0.3588      0.4548     0.2880    0.1758   0.5553   0.3224
doxylamine                 0.8612   0.5268    0.7187       0.6823  0.8449          .      0.8080      0.2093      0.3487  1.7843    0.8897      1.2181     0.7214    0.4565   1.4456   0.8449
eszopiclone                0.5979   0.3573    0.4746       0.3955  0.5224     0.1652           .      0.1338      0.1878  1.3147    0.6153      0.6728     0.4745    0.2835   0.9198   0.5586
lemborexant                1.8861   1.1387    1.5310       1.3408  1.7242     0.5583      1.7455           .      0.6478  4.0239    1.9423      2.3197     1.5300    0.9416   3.0370   1.8269
mirtazapine                0.1769   0.1057    0.1462       0.1496  0.1793     0.0604      0.1590      0.0420           .  0.3367    0.1731      0.2799     0.1451    0.0917   0.2790   0.1548
placebo                    0.3664   0.2126    0.2763       0.2146  0.2896     0.0903      0.3253      0.0763      0.0984       .    0.3728      0.3592     0.2736    0.1603   0.5333   0.3445
ramelteon                  0.5860   0.3484    0.4607       0.3776  0.5014     0.1580      0.5344      0.1293      0.1776  1.3084         .      0.6395     0.4596    0.2734   0.8921   0.5480
seltorexant                0.1146   0.0706    0.0972       0.0981  0.1179     0.0401      0.1084      0.0286      0.0533  0.2339    0.1186           .     0.0979    0.0630   0.1969   0.1130
suvorexant                 0.5796   0.3490    0.4667       0.4005  0.5237     0.1667      0.5362      0.1325      0.1937  1.2496    0.5981      0.6869          .    0.2818   0.9058   0.5408
trazodone                  0.8304   0.4990    0.6747       0.6004  0.7581     0.2502      0.7599      0.1935      0.2904  1.7366    0.8439      1.0488     0.6684         .   1.3668   0.8310
zaleplon                   0.3151   0.1895    0.2563       0.2204  0.2793     0.0924      0.2876      0.0728      0.1030  0.6739    0.3211      0.3822     0.2506    0.1594        .   0.3343
zolpidem                   0.6991   0.4124    0.5501       0.4559  0.5791     0.1929      0.6237      0.1563      0.2041  1.5544    0.7045      0.7831     0.5342    0.3461   1.1938        .
zopiclone                  0.5522   0.3637    0.5001       0.4337  0.5398     0.1776      0.5059      0.1307      0.2364  1.1033    0.5553      0.7778     0.4544    0.2825   0.8804   0.5002
                 zopiclone
BZD-intermediate    0.2081
BZD-long            0.3431
BZD-short           0.2378
daridorexant        0.1256
doxepin             0.1323
doxylamine          0.3424
eszopiclone         0.1994
lemborexant         0.6721
mirtazapine         0.0789
placebo             0.1076
ramelteon           0.1901
seltorexant         0.0494
suvorexant          0.2025
trazodone           0.2985
zaleplon            0.1085
zolpidem            0.2202
zopiclone                .

Upper 95%-confidence limit:
                 BZD-intermediate BZD-long BZD-short daridorexant doxepin doxylamine eszopiclone lemborexant mirtazapine placebo ramelteon seltorexant suvorexant trazodone zaleplon zolpidem
BZD-intermediate                .   0.9788    1.4737       3.2400  2.8875     1.1612      1.6724      0.5302      5.6528  2.7295    1.7065      8.7265     1.7252    1.2042   3.1735   1.4305
BZD-long                   2.4505        .    2.2541       5.2839  4.7393     1.8984      2.7986      0.8782      9.4623  4.7030    2.8705     14.1579     2.8651    2.0039   5.2781   2.4249
BZD-short                  1.8596   1.1361         .       3.8658  3.5037     1.3914      2.1070      0.6532      6.8402  3.6187    2.1705     10.2861     2.1425    1.4821   3.9022   1.8180
daridorexant               2.4903   1.6222    2.3546            .  3.8460     1.4656      2.5283      0.7458      6.6846  4.6598    2.6484     10.1917     2.4967    1.6655   4.5367   2.1937
doxepin                    1.8779   1.2311    1.8056       3.2541       .     1.1836      1.9143      0.5800      5.5766  3.4534    1.9944      8.4823     1.9095    1.3190   3.5803   1.7268
doxylamine                 5.9420   3.8798    5.6420       9.7567  9.3130          .      6.0528      1.7911     16.5663 11.0768    6.3288     24.9207     5.9978    3.9964  10.8205   5.1845
eszopiclone                1.7498   1.1696    1.7470       3.4416  3.0798     1.2377           .      0.5729      6.2895  3.0740    1.8713      9.2256     1.8648    1.3160   3.4774   1.6033
lemborexant                7.2380   4.7887    7.0659      13.2468 12.1748     4.7785      7.4749           .     23.7900 13.1043    7.7349     34.9125     7.5452    5.1692  13.7411   6.3969
mirtazapine                5.0073   3.3478    4.8015       7.7038  7.5959     2.8678      5.3248      1.5436           . 10.1607    5.6303     18.7759     5.1632    3.4434   9.7058   4.8991
placebo                    0.7067   0.4863    0.7424       1.5696  1.3748     0.5604      0.7606      0.2485      2.9697       .    0.7643      4.2754     0.8002    0.5758   1.4839   0.6433
ramelteon                  1.5507   1.0418    1.5630       3.1311  2.7867     1.1239      1.6252      0.5149      5.7757  2.6826         .      8.4289     1.6719    1.1850   3.1139   1.4194
seltorexant                1.4710   0.9532    1.3740       2.2352  2.1986     0.8210      1.4863      0.4311      3.5730  2.7838    1.5636           .     1.4558    0.9535   2.6166   1.2770
suvorexant                 2.0402   1.3533    2.0078       3.8413  3.4723     1.3861      2.1077      0.6536      6.8929  3.6552    2.1758     10.2131          .    1.4962   3.9909   1.8720
trazodone                  3.3775   2.2449    3.2943       6.0776  5.6887     2.1906      3.5276      1.0620     10.9031  6.2384    3.6577     15.8648     3.5487         .   6.2732   2.8892
zaleplon                   1.0382   0.6896    1.0116       1.9308  1.8009     0.6918      1.0872      0.3293      3.5844  1.8750    1.1210      5.0779     1.1040    0.7317        .   0.8377
zolpidem                   1.6711   1.1314    1.6829       3.3340  3.1017     1.1836      1.7900      0.5474      6.4607  2.9027    1.8247      8.8497     1.8492    1.2033   2.9912        .
zopiclone                  4.8064   2.9145    4.2055       7.9612  7.5600     2.9202      5.0144      1.4879     12.6768  9.2912    5.2601     20.2432     4.9387    3.3501   9.2150   4.5421
                 zopiclone
BZD-intermediate    1.8110
BZD-long            2.7494
BZD-short           1.9996
daridorexant        2.3056
doxepin             1.8525
doxylamine          5.6301
eszopiclone         1.9768
lemborexant         7.6532
mirtazapine         4.2310
placebo             0.9063
ramelteon           1.8010
seltorexant         1.2857
suvorexant          2.2005
trazodone           3.5404
zaleplon            1.1358
zolpidem            1.9992
zopiclone                .

Random effects model

Treatment estimate (sm = 'OR'):
                 BZD-intermediate BZD-long BZD-short daridorexant doxepin doxylamine eszopiclone lemborexant mirtazapine placebo ramelteon seltorexant suvorexant trazodone zaleplon zolpidem
BZD-intermediate                .   0.6569    0.9199       1.1964  1.3114     0.4653      1.0447      0.2826      1.0625  2.0558    1.0636      2.5281     0.9669    0.6329   1.8062   0.9730
BZD-long                   1.5224        .    1.4004       1.8213  1.9965     0.7083      1.5904      0.4301      1.6175  3.1297    1.6191      3.8487     1.4719    0.9635   2.7497   1.4813
BZD-short                  1.0871   0.7141         .       1.3006  1.4257     0.5058      1.1357      0.3072      1.1550  2.2349    1.1562      2.7483     1.0511    0.6880   1.9635   1.0578
daridorexant               0.8359   0.5491    0.7689            .  1.0962     0.3889      0.8733      0.2362      0.8881  1.7184    0.8890      2.1132     0.8082    0.5290   1.5097   0.8133
doxepin                    0.7625   0.5009    0.7014       0.9123       .     0.3548      0.7966      0.2155      0.8102  1.5676    0.8110      1.9277     0.7373    0.4826   1.3773   0.7420
doxylamine                 2.1493   1.4118    1.9770       2.5713  2.8186          .      2.2454      0.6073      2.2836  4.4185    2.2859      5.4335     2.0780    1.3603   3.8820   2.0913
eszopiclone                0.9572   0.6288    0.8805       1.1451  1.2553     0.4454           .      0.2705      1.0170  1.9678    1.0180      2.4199     0.9255    0.6058   1.7289   0.9314
lemborexant                3.5392   2.3248    3.2556       4.2341  4.6414     1.6467      3.6975           .      3.7604  7.2759    3.7642      8.9474     3.4219    2.2399   6.3924   3.4438
mirtazapine                0.9412   0.6182    0.8658       1.1260  1.2343     0.4379      0.9833      0.2659           .  1.9349    1.0010      2.3794     0.9100    0.5957   1.6999   0.9158
placebo                    0.4864   0.3195    0.4475       0.5819  0.6379     0.2263      0.5082      0.1374      0.5168       .    0.5174      1.2297     0.4703    0.3079   0.8786   0.4733
ramelteon                  0.9402   0.6176    0.8649       1.1248  1.2330     0.4375      0.9823      0.2657      0.9990  1.9329         .      2.3770     0.9091    0.5951   1.6982   0.9149
seltorexant                0.3956   0.2598    0.3639       0.4732  0.5187     0.1840      0.4132      0.1118      0.4203  0.8132    0.4207           .     0.3824    0.2503   0.7144   0.3849
suvorexant                 1.0343   0.6794    0.9514       1.2374  1.3564     0.4812      1.0805      0.2922      1.0989  2.1263    1.1000      2.6147          .    0.6546   1.8681   1.0064
trazodone                  1.5800   1.0379    1.4534       1.8903  2.0721     0.7352      1.6507      0.4464      1.6788  3.2483    1.6805      3.9945     1.5277         .   2.8538   1.5375
zaleplon                   0.5537   0.3637    0.5093       0.6624  0.7261     0.2576      0.5784      0.1564      0.5883  1.1382    0.5889      1.3997     0.5353    0.3504        .   0.5387
zolpidem                   1.0277   0.6751    0.9454       1.2295  1.3478     0.4782      1.0737      0.2904      1.0919  2.1128    1.0930      2.5981     0.9936    0.6504   1.8562        .
zopiclone                  1.5615   1.0257    1.4364       1.8681  2.0478     0.7265      1.6313      0.4412      1.6591  3.2101    1.6608      3.9476     1.5097    0.9883   2.8203   1.5194
                 zopiclone
BZD-intermediate    0.6404
BZD-long            0.9749
BZD-short           0.6962
daridorexant        0.5353
doxepin             0.4883
doxylamine          1.3764
eszopiclone         0.6130
lemborexant         2.2666
mirtazapine         0.6027
placebo             0.3115
ramelteon           0.6021
seltorexant         0.2533
suvorexant          0.6624
trazodone           1.0119
zaleplon            0.3546
zolpidem            0.6582
zopiclone                .

Lower 95%-confidence limit:
                 BZD-intermediate BZD-long BZD-short daridorexant doxepin doxylamine eszopiclone lemborexant mirtazapine placebo ramelteon seltorexant suvorexant trazodone zaleplon zolpidem
BZD-intermediate                .   0.3900    0.5192       0.3834  0.5231     0.1601      0.5587      0.1313      0.1886  1.3649    0.6008      0.6476     0.4595    0.2807   0.9211   0.5872
BZD-long                   0.9037        .    0.8105       0.5687  0.7726     0.2371      0.8143      0.1926      0.2658  1.9493    0.8723      0.9641     0.6741    0.4075   1.3446   0.8430
BZD-short                  0.6135   0.4133         .       0.3946  0.5298     0.1643      0.5497      0.1316      0.1870  1.2891    0.5863      0.6735     0.4585    0.2805   0.9268   0.5733
daridorexant               0.2679   0.1715    0.2333            .  0.2848     0.0925      0.2717      0.0684      0.1121  0.5910    0.2846      0.4018     0.2351    0.1485   0.4694   0.2797
doxepin                    0.3041   0.1938    0.2607       0.2370       .     0.0978      0.3083      0.0754      0.1144  0.6884    0.3251      0.4117     0.2630    0.1603   0.5106   0.3053
doxylamine                 0.7395   0.4725    0.6420       0.6117  0.7769          .      0.7483      0.1879      0.2995  1.6389    0.7851      1.0866     0.6449    0.4078   1.2975   0.7800
eszopiclone                0.5119   0.3219    0.4262       0.3563  0.4859     0.1484           .      0.1208      0.1617  1.2260    0.5486      0.6031     0.4239    0.2531   0.8340   0.5220
lemborexant                1.6447   1.0411    1.3951       1.2266  1.6237     0.5095      1.6512           .      0.5675  3.7882    1.7525      2.1128     1.3900    0.8544   2.7875   1.7264
mirtazapine                0.1671   0.1016    0.1401       0.1421  0.1742     0.0574      0.1564      0.0401           .  0.3274    0.1621      0.2634     0.1386    0.0882   0.2659   0.1512
placebo                    0.3229   0.1990    0.2581       0.2001  0.2802     0.0839      0.3166      0.0716      0.0874       .    0.3475      0.3330     0.2527    0.1479   0.5046   0.3390
ramelteon                  0.5311   0.3327    0.4386       0.3600  0.4943     0.1503      0.5293      0.1237      0.1617  1.2982         .      0.6067     0.4348    0.2584   0.8581   0.5442
seltorexant                0.1013   0.0651    0.0892       0.0900  0.1108     0.0368      0.1030      0.0264      0.0465  0.2202    0.1074           .     0.0900    0.0580   0.1813   0.1071
suvorexant                 0.4915   0.3111    0.4150       0.3599  0.4838     0.1493      0.4949      0.1187      0.1673  1.1426    0.5261      0.6155          .    0.2504   0.8125   0.4972
trazodone                  0.7008   0.4389    0.5925       0.5308  0.6883     0.2204      0.6898      0.1703      0.2485  1.5604    0.7297      0.9248     0.5845         .   1.1998   0.7466
zaleplon                   0.2824   0.1778    0.2404       0.2059  0.2692     0.0861      0.2790      0.0682      0.0920  0.6537    0.2976      0.3552     0.2328    0.1473        .   0.3252
zolpidem                   0.6201   0.3842    0.5123       0.4228  0.5546     0.1783      0.6017      0.1456      0.1803  1.5132    0.6502      0.7228     0.4909    0.3159   1.1206        .
zopiclone                  0.5016   0.3486    0.4743       0.4030  0.5159     0.1651      0.4899      0.1224      0.2097  1.0621    0.5126      0.7163     0.4246    0.2642   0.8264   0.4829
                 zopiclone
BZD-intermediate    0.2057
BZD-long            0.3313
BZD-short           0.2299
daridorexant        0.1155
doxepin             0.1230
doxylamine          0.3128
eszopiclone         0.1841
lemborexant         0.6289
mirtazapine         0.0762
placebo             0.1031
ramelteon           0.1859
seltorexant         0.0460
suvorexant          0.1863
trazodone           0.2706
zaleplon            0.1039
zolpidem            0.2092
zopiclone                .

Upper 95%-confidence limit:
                 BZD-intermediate BZD-long BZD-short daridorexant doxepin doxylamine eszopiclone lemborexant mirtazapine placebo ramelteon seltorexant suvorexant trazodone zaleplon zolpidem
BZD-intermediate                .   1.1065    1.6299       3.7333  3.2881     1.3522      1.9534      0.6080      5.9860  3.0965    1.8829      9.8684     2.0345    1.4270   3.5416   1.6126
BZD-long                   2.5644        .    2.4197       5.8322  5.1590     2.1163      3.1062      0.9605      9.8416  5.0249    3.0055     15.3630     3.2140    2.2783   5.6230   2.6029
BZD-short                  1.9262   1.2339         .       4.2867  3.8363     1.5575      2.3466      0.7168      7.1357  3.8744    2.2802     11.2150     2.4098    1.6878   4.1599   1.9519
daridorexant               2.6084   1.7582    2.5343            .  4.2189     1.6347      2.8067      0.8153      7.0363  4.9967    2.7775     11.1126     2.7786    1.8840   4.8556   2.3650
doxepin                    1.9118   1.2943    1.8875       3.5110       .     1.2872      2.0582      0.6159      5.7401  3.5695    2.0230      9.0270     2.0670    1.4529   3.7150   1.8032
doxylamine                 6.2463   4.2181    6.0880      10.8079 10.2259          .      6.7377      1.9629     17.4132 11.9121    6.6553     27.1710     6.6965    4.5375  11.6141   5.6073
eszopiclone                1.7898   1.2280    1.8192       3.6806  3.2433     1.3364           .      0.6056      6.3947  3.1585    1.8893      9.7092     2.0204    1.4497   3.5838   1.6619
lemborexant                7.6157   5.1911    7.5975      14.6163 13.2672     5.3225      8.2795           .     24.9169 13.9746    8.0850     37.8908     8.4244    5.8724  14.6595   6.8698
mirtazapine                5.3025   3.7616    5.3486       8.9208  8.7448     3.3392      6.1824      1.7621           . 11.4353    6.1824     21.4907     5.9760    4.0243  10.8687   5.5464
placebo                    0.7327   0.5130    0.7757       1.6921  1.4525     0.6102      0.8157      0.2640      3.0545       .    0.7703      4.5408     0.8752    0.6408   1.5297   0.6609
ramelteon                  1.6645   1.1464    1.7056       3.5143  3.0758     1.2737      1.8229      0.5706      6.1699  2.8779         .      9.3132     1.9009    1.3705   3.3608   1.5381
seltorexant                1.5441   1.0372    1.4848       2.4886  2.4291     0.9203      1.6581      0.4733      3.7960  3.0027    1.6484           .     1.6246    1.0813   2.8153   1.3835
suvorexant                 2.1764   1.4835    2.1812       4.2541  3.8028     1.5507      2.3589      0.7194      7.2167  3.9567    2.3002     11.1071          .    1.7110   4.2952   2.0369
trazodone                  3.5625   2.4542    3.5655       6.7319  6.2381     2.4523      3.9503      1.1704     11.3419  6.7617    3.8703     17.2532     3.9932         .   6.7882   3.1659
zaleplon                   1.0856   0.7437    1.0790       2.1303  1.9585     0.7707      1.1990      0.3587      3.7611  1.9817    1.1653      5.5156     1.2308    0.8335        .   0.8924
zolpidem                   1.7031   1.1862    1.7444       3.5751  3.2754     1.2820      1.9158      0.5792      6.6130  2.9499    1.8375      9.3388     2.0111    1.3393   3.0747        .
zopiclone                  4.8606   3.0181    4.3499       8.6593  8.1280     3.1971      5.4324      1.5901     13.1265  9.7021    5.3804     21.7550     5.3677    3.6960   9.6249   4.7810
                 zopiclone
BZD-intermediate    1.9935
BZD-long            2.8688
BZD-short           2.1084
daridorexant        2.4814
doxepin             1.9383
doxylamine          6.0571
eszopiclone         2.0414
lemborexant         8.1688
mirtazapine         4.7689
placebo             0.9415
ramelteon           1.9507
seltorexant         1.3960
suvorexant          2.3550
trazodone           3.7843
zaleplon            1.2100
zolpidem            2.0710
zopiclone                .

Quantifying heterogeneity / inconsistency:
tau^2 = 0.0507; tau = 0.2251; I^2 = 12.7% [0.0%; 38.5%]

Tests of heterogeneity (within designs) and inconsistency (between designs):
                    Q d.f. p-value
Total           58.44   51  0.2211
Within designs  38.68   29  0.1079
Between designs 19.76   22  0.5983
[1] "A total of 17 treatments are included in the network."
[1] "A total of 54 studies are included in this analysis."
[1] "Estimated heterogeneity tau-squared0.05"
[1] "Global test for inconsistency, p-value 0.59832 (Q=20, d.o.f. 22)"
[1] "File created by E. G. Ostinelli on 2022-01-08"
