Number of studies: k = 57
Number of treatments: n = 19
Number of pairwise comparisons: m = 87
Number of designs: d = 29

Fixed effects model

Treatment estimate (sm = 'OR'):
                 BZD-intermediate BZD-long BZD-short daridorexant doxepin doxylamine eszopiclone lemborexant melatonin placebo propiomazine ramelteon seltorexant suvorexant trazodone trimipramine
BZD-intermediate                .   0.8598    0.6462       0.4819  2.2439     0.4016      0.6725      0.4776    0.4932  0.6988       0.5112    0.6151      0.9067     0.5495    0.4453       0.2848
BZD-long                   1.1630        .    0.7515       0.5604  2.6097     0.4671      0.7821      0.5555    0.5736  0.8127       0.5945    0.7153      1.0545     0.6390    0.5179       0.3313
BZD-short                  1.5476   1.3306         .       0.7457  3.4726     0.6216      1.0407      0.7391    0.7633  1.0814       0.7911    0.9518      1.4032     0.8503    0.6892       0.4408
daridorexant               2.0753   1.7844    1.3410            .  4.6569     0.8335      1.3956      0.9912    1.0236  1.4501       1.0609    1.2765      1.8818     1.1403    0.9242       0.5911
doxepin                    0.4456   0.3832    0.2880       0.2147       .     0.1790      0.2997      0.2129    0.2198  0.3114       0.2278    0.2741      0.4041     0.2449    0.1985       0.1269
doxylamine                 2.4898   2.1408    1.6089       1.1997  5.5869          .      1.6744      1.1892    1.2281  1.7398       1.2727    1.5314      2.2576     1.3681    1.1088       0.7092
eszopiclone                1.4870   1.2786    0.9609       0.7165  3.3368     0.5972           .      0.7102    0.7335  1.0391       0.7601    0.9146      1.3483     0.8171    0.6622       0.4236
lemborexant                2.0937   1.8002    1.3529       1.0089  4.6981     0.8409      1.4080           .    1.0327  1.4630       1.0702    1.2878      1.8984     1.1504    0.9324       0.5964
melatonin                  2.0274   1.7432    1.3101       0.9769  4.5494     0.8143      1.3634      0.9683         .  1.4167       1.0364    1.2470      1.8383     1.1140    0.9029       0.5775
placebo                    1.4311   1.2305    0.9248       0.6896  3.2113     0.5748      0.9624      0.6835    0.7059       .       0.7315    0.8802      1.2976     0.7863    0.6373       0.4076
propiomazine               1.9563   1.6821    1.2641       0.9426  4.3898     0.7857      1.3156      0.9344    0.9649  1.3670            .    1.2032      1.7738     1.0749    0.8712       0.5572
ramelteon                  1.6259   1.3979    1.0506       0.7834  3.6483     0.6530      1.0934      0.7765    0.8019  1.1361       0.8311         .      1.4742     0.8933    0.7241       0.4631
seltorexant                1.1029   0.9483    0.7127       0.5314  2.4748     0.4430      0.7417      0.5268    0.5440  0.7706       0.5638    0.6783           .     0.6060    0.4912       0.3141
suvorexant                 1.8200   1.5648    1.1760       0.8770  4.0839     0.7310      1.2239      0.8693    0.8977  1.2717       0.9303    1.1194      1.6502          .    0.8105       0.5184
trazodone                  2.2455   1.9307    1.4510       1.0820  5.0387     0.9019      1.5100      1.0725    1.1075  1.5690       1.1478    1.3811      2.0360     1.2338         .       0.6396
trimipramine               3.5107   3.0186    2.2686       1.6916  7.8777     1.4100      2.3609      1.6768    1.7316  2.4531       1.7946    2.1593      3.1832     1.9290    1.5635            .
zaleplon                   1.1518   0.9904    0.7443       0.5550  2.5846     0.4626      0.7746      0.5501    0.5681  0.8048       0.5888    0.7084      1.0444     0.6329    0.5130       0.3281
zolpidem                   1.7119   1.4719    1.1062       0.8249  3.8414     0.6876      1.1512      0.8176    0.8444  1.1962       0.8751    1.0529      1.5522     0.9406    0.7624       0.4876
zopiclone                  1.4962   1.2865    0.9668       0.7209  3.3574     0.6009      1.0062      0.7146    0.7380  1.0455       0.7648    0.9203      1.3566     0.8221    0.6663       0.4262
                 zaleplon zolpidem zopiclone
BZD-intermediate   0.8682   0.5841    0.6684
BZD-long           1.0097   0.6794    0.7773
BZD-short          1.3436   0.9040    1.0343
daridorexant       1.8018   1.2123    1.3871
doxepin            0.3869   0.2603    0.2979
doxylamine         2.1616   1.4544    1.6641
eszopiclone        1.2910   0.8686    0.9939
lemborexant        1.8177   1.2230    1.3993
melatonin          1.7602   1.1843    1.3550
placebo            1.2425   0.8360    0.9565
propiomazine       1.6984   1.1428    1.3075
ramelteon          1.4116   0.9497    1.0867
seltorexant        0.9575   0.6442    0.7371
suvorexant         1.5801   1.0631    1.2164
trazodone          1.9495   1.3117    1.5008
trimipramine       3.0480   2.0508    2.3464
zaleplon                .   0.6728    0.7698
zolpidem           1.4863        .    1.1442
zopiclone          1.2990   0.8740         .

Lower 95%-confidence limit:
                 BZD-intermediate BZD-long BZD-short daridorexant doxepin doxylamine eszopiclone lemborexant melatonin placebo propiomazine ramelteon seltorexant suvorexant trazodone trimipramine
BZD-intermediate                .   0.5623    0.4360       0.2802  0.9423     0.1538      0.4523      0.2929    0.0920  0.4992       0.1660    0.4010      0.4097     0.3123    0.2453       0.0566
BZD-long                   0.7606        .    0.5453       0.3304  1.1059     0.1801      0.5439      0.3458    0.1075  0.5947       0.1992    0.4752      0.4805     0.3683    0.2835       0.0648
BZD-short                  1.0441   0.9654         .       0.4487  1.4894     0.2425      0.7437      0.4709    0.1439  0.8194       0.2665    0.6489      0.6485     0.4995    0.3845       0.0868
daridorexant               1.2067   1.0519    0.8069            .  1.8806     0.3084      0.8641      0.5692    0.1870  0.9460       0.3316    0.7724      0.8157     0.6114    0.4735       0.1123
doxepin                    0.1871   0.1624    0.1235       0.0867       .     0.0536      0.1308      0.0886    0.0353  0.1399       0.0593    0.1181      0.1375     0.0976    0.0764       0.0211
doxylamine                 0.9533   0.8253    0.6276       0.4438  1.6737          .      0.6622      0.4527    0.1881  0.7060       0.3114    0.5984      0.7164     0.4985    0.3949       0.1125
eszopiclone                1.0002   0.8891    0.6866       0.4437  1.4565     0.2362           .      0.4673    0.1395  0.8358       0.2548    0.6495      0.6340     0.4939    0.3770       0.0839
lemborexant                1.2839   1.1208    0.8620       0.5794  1.9562     0.3201      0.9265           .    0.1918  1.0231       0.3426    0.8255      0.8514     0.6455    0.4988       0.1152
melatonin                  0.3781   0.3266    0.2470       0.1785  0.7302     0.1247      0.2593      0.1798         .  0.2734       0.1447    0.2356      0.3048     0.2021    0.1608       0.0580
placebo                    1.0223   0.9005    0.7008       0.4498  1.4432     0.2333      0.7741      0.4780    0.1362       .       0.2480    0.6759      0.6299     0.4994    0.3788       0.0819
propiomazine               0.6352   0.5636    0.4259       0.2946  1.1432     0.1922      0.4410      0.2991    0.1347  0.4633            .    0.3951      0.4832     0.3325    0.2627       0.0805
ramelteon                  1.0600   0.9287    0.7163       0.4741  1.5713     0.2551      0.7764      0.4978    0.1515  0.8723       0.2729         .      0.6829     0.5283    0.4040       0.0910
seltorexant                0.4983   0.4321    0.3294       0.2304  0.8421     0.1406      0.3487      0.2362    0.0902  0.3741       0.1536    0.3142           .     0.2581    0.2034       0.0540
suvorexant                 1.0344   0.9020    0.6909       0.4702  1.6280     0.2663      0.7398      0.4877    0.1629  0.8077       0.2878    0.6620      0.7029          .    0.4064       0.0978
trazodone                  1.2366   1.0568    0.8096       0.5544  1.9406     0.3212      0.8596      0.5737    0.1972  0.9326       0.3460    0.7706      0.8431     0.6186         .       0.1187
trimipramine               0.6974   0.5901    0.4465       0.3213  1.3106     0.2237      0.4674      0.3238    0.1738  0.4926       0.2594    0.4244      0.5476     0.3638    0.2900            .
zaleplon                   0.7595   0.6651    0.5168       0.3392  1.1160     0.1828      0.5541      0.3571    0.1075  0.6230       0.1940    0.4904      0.4898     0.3758    0.2909       0.0646
zolpidem                   1.1839   1.0335    0.8048       0.5264  1.6933     0.2798      0.8704      0.5588    0.1614  1.0022       0.2928    0.7661      0.7535     0.5779    0.4530       0.0971
zopiclone                  1.0022   0.9518    0.7302       0.4383  1.4495     0.2355      0.7458      0.4606    0.1396  0.8090       0.2674    0.6368      0.6308     0.4881    0.3742       0.0840
                 zaleplon zolpidem zopiclone
BZD-intermediate   0.5725   0.4040    0.4477
BZD-long           0.6781   0.4770    0.5751
BZD-short          0.9329   0.6577    0.7812
daridorexant       1.1011   0.7736    0.8433
doxepin            0.1671   0.1147    0.1286
doxylamine         0.8542   0.5919    0.6522
eszopiclone        0.9235   0.6568    0.7367
lemborexant        1.1798   0.8359    0.9019
melatonin          0.3330   0.2264    0.2563
placebo            0.9618   0.7004    0.7402
propiomazine       0.5597   0.3823    0.4571
ramelteon          0.9770   0.6910    0.7520
seltorexant        0.4490   0.3127    0.3427
suvorexant         0.9383   0.6531    0.7222
trazodone          1.1056   0.7794    0.8428
trimipramine       0.6001   0.4082    0.4626
zaleplon                .   0.5185    0.5388
zolpidem           1.1454        .    0.8420
zopiclone          0.9091   0.6432         .

Upper 95%-confidence limit:
                 BZD-intermediate BZD-long BZD-short daridorexant doxepin doxylamine eszopiclone lemborexant melatonin placebo propiomazine ramelteon seltorexant suvorexant trazodone trimipramine
BZD-intermediate                .   1.3148    0.9578       0.8287  5.3437     1.0489      0.9998      0.7789    2.6446  0.9782       1.5743    0.9434      2.0069     0.9667    0.8086       1.4339
BZD-long                   1.7784        .    1.0358       0.9506  6.1587     1.2117      1.1247      0.8922    3.0615  1.1105       1.7743    1.0768      2.3145     1.1087    0.9462       1.6946
BZD-short                  2.2938   1.8339         .       1.2393  8.0967     1.5933      1.4564      1.1601    4.0487  1.4270       2.3479    1.3961      3.0360     1.4475    1.2352       2.2394
daridorexant               3.5693   3.0269    2.2287            . 11.5318     2.2531      2.2540      1.7261    5.6023  2.2230       3.3939    2.1093      4.3411     2.1268    1.8039       3.1122
doxepin                    1.0613   0.9043    0.6714       0.5317       .     0.5975      0.6866      0.5112    1.3694  0.6929       0.8747    0.6364      1.1875     0.6142    0.5153       0.7630
doxylamine                 6.5026   5.5534    4.1242       3.2430 18.6502          .      4.2334      3.1241    8.0178  4.2870       5.2018    3.9193      7.1142     3.7548    3.1135       4.4693
eszopiclone                2.2108   1.8386    1.3447       1.1572  7.6442     1.5101           .      1.0794    3.8560  1.2918       2.2674    1.2880      2.8675     1.3518    1.1633       2.1396
lemborexant                3.4142   2.8915    2.1235       1.7568 11.2832     2.2091      2.1398           .    5.5615  2.0920       3.3436    2.0088      4.2329     2.0504    1.7431       3.0882
melatonin                 10.8707   9.3033    6.9488       5.3466 28.3429     5.3163      7.1678      5.2149         .  7.3417       7.4248    6.6001     11.0878     6.1392    5.0704       5.7525
placebo                    2.0034   1.6815    1.2203       1.0571  7.1458     1.4164      1.1965      0.9774    3.6582       .       2.1583    1.1464      2.6731     1.2381    1.0723       2.0299
propiomazine               6.0250   5.0200    3.7519       3.0157 16.8562     3.2113      3.9242      2.9191    6.9129  4.0329            .    3.6645      6.5117     3.4746    2.8898       3.8553
ramelteon                  2.4937   2.1044    1.5410       1.2946  8.4706     1.6712      1.5397      1.2114    4.2445  1.4796       2.5311         .      3.1822     1.5105    1.2977       2.3564
seltorexant                2.4410   2.0812    1.5419       1.2260  7.2726     1.3959      1.5773      1.1745    3.2810  1.5875       2.0696    1.4643           .     1.4227    1.1862       1.8261
suvorexant                 3.2021   2.7149    2.0019       1.6356 10.2442     2.0062      2.0248      1.5493    4.9471  2.0023       3.0073    1.8927      3.8741          .    1.6166       2.7491
trazodone                  4.0773   3.5272    2.6005       2.1118 13.0826     2.5324      2.6527      2.0050    6.2196  2.6398       3.8073    2.4753      4.9171     2.4609         .       3.4478
trimipramine              17.6724  15.4405   11.5249       8.9059 47.3508     8.8857     11.9259      8.6829   17.2488 12.2152      12.4161   10.9869     18.5038    10.2294    8.4280            .
zaleplon                   1.7468   1.4746    1.0719       0.9082  5.9858     1.1707      1.0829      0.8476    3.0031  1.0397       1.7865    1.0235      2.2269     1.0658    0.9045       1.6663
zolpidem                   2.4755   2.0965    1.5204       1.2927  8.7147     1.6895      1.5226      1.1963    4.4176  1.4277       2.6154    1.4471      3.1976     1.5311    1.2830       2.4496
zopiclone                  2.2337   1.7389    1.2801       1.1858  7.7763     1.5332      1.3575      1.1088    3.9012  1.3510       2.1879    1.3298      2.9178     1.3847    1.1866       2.1616
                 zaleplon zolpidem zopiclone
BZD-intermediate   1.3167   0.8447    0.9978
BZD-long           1.5035   0.9676    1.0507
BZD-short          1.9350   1.2425    1.3695
daridorexant       2.9483   1.8998    2.2815
doxepin            0.8961   0.5906    0.6899
doxylamine         5.4703   3.5739    4.2457
eszopiclone        1.8049   1.1488    1.3409
lemborexant        2.8006   1.7895    2.1712
melatonin          9.3045   6.1961    7.1633
placebo            1.6051   0.9978    1.2361
propiomazine       5.1536   3.4155    3.7404
ramelteon          2.0393   1.3053    1.5703
seltorexant        2.0417   1.3271    1.5854
suvorexant         2.6609   1.7305    2.0488
trazodone          3.4375   2.2073    2.6726
trimipramine      15.4797  10.3022   11.9009
zaleplon                .   0.8731    1.0999
zolpidem           1.9286        .    1.5547
zopiclone          1.8560   1.1876         .

Random effects model

Treatment estimate (sm = 'OR'):
                 BZD-intermediate BZD-long BZD-short daridorexant doxepin doxylamine eszopiclone lemborexant melatonin placebo propiomazine ramelteon seltorexant suvorexant trazodone trimipramine
BZD-intermediate                .   0.8598    0.6462       0.4819  2.2439     0.4016      0.6725      0.4776    0.4932  0.6988       0.5112    0.6151      0.9067     0.5495    0.4453       0.2848
BZD-long                   1.1630        .    0.7515       0.5604  2.6097     0.4671      0.7821      0.5555    0.5736  0.8127       0.5945    0.7153      1.0545     0.6390    0.5179       0.3313
BZD-short                  1.5476   1.3306         .       0.7457  3.4726     0.6216      1.0407      0.7391    0.7633  1.0814       0.7911    0.9518      1.4032     0.8503    0.6892       0.4408
daridorexant               2.0753   1.7844    1.3410            .  4.6569     0.8335      1.3956      0.9912    1.0236  1.4501       1.0609    1.2765      1.8818     1.1403    0.9242       0.5911
doxepin                    0.4456   0.3832    0.2880       0.2147       .     0.1790      0.2997      0.2129    0.2198  0.3114       0.2278    0.2741      0.4041     0.2449    0.1985       0.1269
doxylamine                 2.4898   2.1408    1.6089       1.1997  5.5869          .      1.6744      1.1892    1.2281  1.7398       1.2727    1.5314      2.2576     1.3681    1.1088       0.7092
eszopiclone                1.4870   1.2786    0.9609       0.7165  3.3368     0.5972           .      0.7102    0.7335  1.0391       0.7601    0.9146      1.3483     0.8171    0.6622       0.4236
lemborexant                2.0937   1.8002    1.3529       1.0089  4.6981     0.8409      1.4080           .    1.0327  1.4630       1.0702    1.2878      1.8984     1.1504    0.9324       0.5964
melatonin                  2.0274   1.7432    1.3101       0.9769  4.5494     0.8143      1.3634      0.9683         .  1.4167       1.0364    1.2470      1.8383     1.1140    0.9029       0.5775
placebo                    1.4311   1.2305    0.9248       0.6896  3.2113     0.5748      0.9624      0.6835    0.7059       .       0.7315    0.8802      1.2976     0.7863    0.6373       0.4076
propiomazine               1.9563   1.6821    1.2641       0.9426  4.3898     0.7857      1.3156      0.9344    0.9649  1.3670            .    1.2032      1.7738     1.0749    0.8712       0.5572
ramelteon                  1.6259   1.3979    1.0506       0.7834  3.6483     0.6530      1.0934      0.7765    0.8019  1.1361       0.8311         .      1.4742     0.8933    0.7241       0.4631
seltorexant                1.1029   0.9483    0.7127       0.5314  2.4748     0.4430      0.7417      0.5268    0.5440  0.7706       0.5638    0.6783           .     0.6060    0.4912       0.3141
suvorexant                 1.8200   1.5648    1.1760       0.8770  4.0839     0.7310      1.2239      0.8693    0.8977  1.2717       0.9303    1.1194      1.6502          .    0.8105       0.5184
trazodone                  2.2455   1.9307    1.4510       1.0820  5.0387     0.9019      1.5100      1.0725    1.1075  1.5690       1.1478    1.3811      2.0360     1.2338         .       0.6396
trimipramine               3.5107   3.0186    2.2686       1.6916  7.8777     1.4100      2.3609      1.6768    1.7316  2.4531       1.7946    2.1593      3.1832     1.9290    1.5635            .
zaleplon                   1.1518   0.9904    0.7443       0.5550  2.5846     0.4626      0.7746      0.5501    0.5681  0.8048       0.5888    0.7084      1.0444     0.6329    0.5130       0.3281
zolpidem                   1.7119   1.4719    1.1062       0.8249  3.8414     0.6876      1.1512      0.8176    0.8444  1.1962       0.8751    1.0529      1.5522     0.9406    0.7624       0.4876
zopiclone                  1.4962   1.2865    0.9668       0.7209  3.3574     0.6009      1.0062      0.7146    0.7380  1.0455       0.7648    0.9203      1.3566     0.8221    0.6663       0.4262
                 zaleplon zolpidem zopiclone
BZD-intermediate   0.8682   0.5841    0.6684
BZD-long           1.0097   0.6794    0.7773
BZD-short          1.3436   0.9040    1.0343
daridorexant       1.8018   1.2123    1.3871
doxepin            0.3869   0.2603    0.2979
doxylamine         2.1616   1.4544    1.6641
eszopiclone        1.2910   0.8686    0.9939
lemborexant        1.8177   1.2230    1.3993
melatonin          1.7602   1.1843    1.3550
placebo            1.2425   0.8360    0.9565
propiomazine       1.6984   1.1428    1.3075
ramelteon          1.4116   0.9497    1.0867
seltorexant        0.9575   0.6442    0.7371
suvorexant         1.5801   1.0631    1.2164
trazodone          1.9495   1.3117    1.5008
trimipramine       3.0480   2.0508    2.3464
zaleplon                .   0.6728    0.7698
zolpidem           1.4863        .    1.1442
zopiclone          1.2990   0.8740         .

Lower 95%-confidence limit:
                 BZD-intermediate BZD-long BZD-short daridorexant doxepin doxylamine eszopiclone lemborexant melatonin placebo propiomazine ramelteon seltorexant suvorexant trazodone trimipramine
BZD-intermediate                .   0.5623    0.4360       0.2802  0.9423     0.1538      0.4523      0.2929    0.0920  0.4992       0.1660    0.4010      0.4097     0.3123    0.2453       0.0566
BZD-long                   0.7606        .    0.5453       0.3304  1.1059     0.1801      0.5439      0.3458    0.1075  0.5947       0.1992    0.4752      0.4805     0.3683    0.2835       0.0648
BZD-short                  1.0441   0.9654         .       0.4487  1.4894     0.2425      0.7437      0.4709    0.1439  0.8194       0.2665    0.6489      0.6485     0.4995    0.3845       0.0868
daridorexant               1.2067   1.0519    0.8069            .  1.8806     0.3084      0.8641      0.5692    0.1870  0.9460       0.3316    0.7724      0.8157     0.6114    0.4735       0.1123
doxepin                    0.1871   0.1624    0.1235       0.0867       .     0.0536      0.1308      0.0886    0.0353  0.1399       0.0593    0.1181      0.1375     0.0976    0.0764       0.0211
doxylamine                 0.9533   0.8253    0.6276       0.4438  1.6737          .      0.6622      0.4527    0.1881  0.7060       0.3114    0.5984      0.7164     0.4985    0.3949       0.1125
eszopiclone                1.0002   0.8891    0.6866       0.4437  1.4565     0.2362           .      0.4673    0.1395  0.8358       0.2548    0.6495      0.6340     0.4939    0.3770       0.0839
lemborexant                1.2839   1.1208    0.8620       0.5794  1.9562     0.3201      0.9265           .    0.1918  1.0231       0.3426    0.8255      0.8514     0.6455    0.4988       0.1152
melatonin                  0.3781   0.3266    0.2470       0.1785  0.7302     0.1247      0.2593      0.1798         .  0.2734       0.1447    0.2356      0.3048     0.2021    0.1608       0.0580
placebo                    1.0223   0.9005    0.7008       0.4498  1.4432     0.2333      0.7741      0.4780    0.1362       .       0.2480    0.6759      0.6299     0.4994    0.3788       0.0819
propiomazine               0.6352   0.5636    0.4259       0.2946  1.1432     0.1922      0.4410      0.2991    0.1347  0.4633            .    0.3951      0.4832     0.3325    0.2627       0.0805
ramelteon                  1.0600   0.9287    0.7163       0.4741  1.5713     0.2551      0.7764      0.4978    0.1515  0.8723       0.2729         .      0.6829     0.5283    0.4040       0.0910
seltorexant                0.4983   0.4321    0.3294       0.2304  0.8421     0.1406      0.3487      0.2362    0.0902  0.3741       0.1536    0.3142           .     0.2581    0.2034       0.0540
suvorexant                 1.0344   0.9020    0.6909       0.4702  1.6280     0.2663      0.7398      0.4877    0.1629  0.8077       0.2878    0.6620      0.7029          .    0.4064       0.0978
trazodone                  1.2366   1.0568    0.8096       0.5544  1.9406     0.3212      0.8596      0.5737    0.1972  0.9326       0.3460    0.7706      0.8431     0.6186         .       0.1187
trimipramine               0.6974   0.5901    0.4465       0.3213  1.3106     0.2237      0.4674      0.3238    0.1738  0.4926       0.2594    0.4244      0.5476     0.3638    0.2900            .
zaleplon                   0.7595   0.6651    0.5168       0.3392  1.1160     0.1828      0.5541      0.3571    0.1075  0.6230       0.1940    0.4904      0.4898     0.3758    0.2909       0.0646
zolpidem                   1.1839   1.0335    0.8048       0.5264  1.6933     0.2798      0.8704      0.5588    0.1614  1.0022       0.2928    0.7661      0.7535     0.5779    0.4530       0.0971
zopiclone                  1.0022   0.9518    0.7302       0.4383  1.4495     0.2355      0.7458      0.4606    0.1396  0.8090       0.2674    0.6368      0.6308     0.4881    0.3742       0.0840
                 zaleplon zolpidem zopiclone
BZD-intermediate   0.5725   0.4040    0.4477
BZD-long           0.6781   0.4770    0.5751
BZD-short          0.9329   0.6577    0.7812
daridorexant       1.1011   0.7736    0.8433
doxepin            0.1671   0.1147    0.1286
doxylamine         0.8542   0.5919    0.6522
eszopiclone        0.9235   0.6568    0.7367
lemborexant        1.1798   0.8359    0.9019
melatonin          0.3330   0.2264    0.2563
placebo            0.9618   0.7004    0.7402
propiomazine       0.5597   0.3823    0.4571
ramelteon          0.9770   0.6910    0.7520
seltorexant        0.4490   0.3127    0.3427
suvorexant         0.9383   0.6531    0.7222
trazodone          1.1056   0.7794    0.8428
trimipramine       0.6001   0.4082    0.4626
zaleplon                .   0.5185    0.5388
zolpidem           1.1454        .    0.8420
zopiclone          0.9091   0.6432         .

Upper 95%-confidence limit:
                 BZD-intermediate BZD-long BZD-short daridorexant doxepin doxylamine eszopiclone lemborexant melatonin placebo propiomazine ramelteon seltorexant suvorexant trazodone trimipramine
BZD-intermediate                .   1.3148    0.9578       0.8287  5.3437     1.0489      0.9998      0.7789    2.6446  0.9782       1.5743    0.9434      2.0069     0.9667    0.8086       1.4339
BZD-long                   1.7784        .    1.0358       0.9506  6.1587     1.2117      1.1247      0.8922    3.0615  1.1105       1.7743    1.0768      2.3145     1.1087    0.9462       1.6946
BZD-short                  2.2938   1.8339         .       1.2393  8.0967     1.5933      1.4564      1.1601    4.0487  1.4270       2.3479    1.3961      3.0360     1.4475    1.2352       2.2394
daridorexant               3.5693   3.0269    2.2287            . 11.5318     2.2531      2.2540      1.7261    5.6023  2.2230       3.3939    2.1093      4.3411     2.1268    1.8039       3.1122
doxepin                    1.0613   0.9043    0.6714       0.5317       .     0.5975      0.6866      0.5112    1.3694  0.6929       0.8747    0.6364      1.1875     0.6142    0.5153       0.7630
doxylamine                 6.5026   5.5534    4.1242       3.2430 18.6502          .      4.2334      3.1241    8.0178  4.2870       5.2018    3.9193      7.1142     3.7548    3.1135       4.4693
eszopiclone                2.2108   1.8386    1.3447       1.1572  7.6442     1.5101           .      1.0794    3.8560  1.2918       2.2674    1.2880      2.8675     1.3518    1.1633       2.1396
lemborexant                3.4142   2.8915    2.1235       1.7568 11.2832     2.2091      2.1398           .    5.5615  2.0920       3.3436    2.0088      4.2329     2.0504    1.7431       3.0882
melatonin                 10.8707   9.3033    6.9488       5.3466 28.3429     5.3163      7.1678      5.2149         .  7.3417       7.4248    6.6001     11.0878     6.1392    5.0704       5.7525
placebo                    2.0034   1.6815    1.2203       1.0571  7.1458     1.4164      1.1965      0.9774    3.6582       .       2.1583    1.1464      2.6731     1.2381    1.0723       2.0299
propiomazine               6.0250   5.0200    3.7519       3.0157 16.8562     3.2113      3.9242      2.9191    6.9129  4.0329            .    3.6645      6.5117     3.4746    2.8898       3.8553
ramelteon                  2.4937   2.1044    1.5410       1.2946  8.4706     1.6712      1.5397      1.2114    4.2445  1.4796       2.5311         .      3.1822     1.5105    1.2977       2.3564
seltorexant                2.4410   2.0812    1.5419       1.2260  7.2726     1.3959      1.5773      1.1745    3.2810  1.5875       2.0696    1.4643           .     1.4227    1.1862       1.8261
suvorexant                 3.2021   2.7149    2.0019       1.6356 10.2442     2.0062      2.0248      1.5493    4.9471  2.0023       3.0073    1.8927      3.8741          .    1.6166       2.7491
trazodone                  4.0773   3.5272    2.6005       2.1118 13.0826     2.5324      2.6527      2.0050    6.2196  2.6398       3.8073    2.4753      4.9171     2.4609         .       3.4478
trimipramine              17.6724  15.4405   11.5249       8.9059 47.3508     8.8857     11.9259      8.6829   17.2488 12.2152      12.4161   10.9869     18.5038    10.2294    8.4280            .
zaleplon                   1.7468   1.4746    1.0719       0.9082  5.9858     1.1707      1.0829      0.8476    3.0031  1.0397       1.7865    1.0235      2.2269     1.0658    0.9045       1.6663
zolpidem                   2.4755   2.0965    1.5204       1.2927  8.7147     1.6895      1.5226      1.1963    4.4176  1.4277       2.6154    1.4471      3.1976     1.5311    1.2830       2.4496
zopiclone                  2.2337   1.7389    1.2801       1.1858  7.7763     1.5332      1.3575      1.1088    3.9012  1.3510       2.1879    1.3298      2.9178     1.3847    1.1866       2.1616
                 zaleplon zolpidem zopiclone
BZD-intermediate   1.3167   0.8447    0.9978
BZD-long           1.5035   0.9676    1.0507
BZD-short          1.9350   1.2425    1.3695
daridorexant       2.9483   1.8998    2.2815
doxepin            0.8961   0.5906    0.6899
doxylamine         5.4703   3.5739    4.2457
eszopiclone        1.8049   1.1488    1.3409
lemborexant        2.8006   1.7895    2.1712
melatonin          9.3045   6.1961    7.1633
placebo            1.6051   0.9978    1.2361
propiomazine       5.1536   3.4155    3.7404
ramelteon          2.0393   1.3053    1.5703
seltorexant        2.0417   1.3271    1.5854
suvorexant         2.6609   1.7305    2.0488
trazodone          3.4375   2.2073    2.6726
trimipramine      15.4797  10.3022   11.9009
zaleplon                .   0.8731    1.0999
zolpidem           1.9286        .    1.5547
zopiclone          1.8560   1.1876         .

Quantifying heterogeneity / inconsistency:
tau^2 = 0; tau = 0; I^2 = 0% [0.0%; 31.9%]

Tests of heterogeneity (within designs) and inconsistency (between designs):
                    Q d.f. p-value
Total           50.44   53  0.5746
Within designs  26.66   29  0.5901
Between designs 23.78   24  0.4745
[1] "A total of 19 treatments are included in the network."
[1] "A total of 57 studies are included in this analysis."
[1] "Estimated heterogeneity tau-squared0"
[1] "Global test for inconsistency, p-value 0.47446 (Q=24, d.o.f. 24)"
[1] "File created by E. G. Ostinelli on 2022-01-08"
