Number of studies: k = 31
Number of treatments: n = 14
Number of pairwise comparisons: m = 46
Number of designs: d = 15

Fixed effects model

Treatment estimate (sm = 'OR'):
                 BZD-intermediate BZD-short daridorexant doxepin eszopiclone lemborexant melatonin placebo ramelteon seltorexant suvorexant trazodone zaleplon zolpidem
BZD-intermediate                .    2.0431       1.3637  1.0615      0.9819      1.1302    1.1426  1.4365    1.2046      0.6720     1.6999    1.1728   2.8459   0.9404
BZD-short                  0.4894         .       0.6674  0.5195      0.4806      0.5532    0.5592  0.7031    0.5896      0.3289     0.8320    0.5740   1.3929   0.4603
daridorexant               0.7333    1.4983            .  0.7784      0.7200      0.8288    0.8379  1.0534    0.8833      0.4928     1.2466    0.8601   2.0870   0.6896
doxepin                    0.9421    1.9248       1.2847       .      0.9250      1.0647    1.0764  1.3533    1.1348      0.6330     1.6015    1.1049   2.6811   0.8859
eszopiclone                1.0185    2.0809       1.3889  1.0811           .      1.1511    1.1637  1.4631    1.2268      0.6844     1.7314    1.1945   2.8985   0.9577
lemborexant                0.8848    1.8078       1.2066  0.9392      0.8687           .    1.0110  1.2710    1.0658      0.5946     1.5041    1.0377   2.5181   0.8320
melatonin                  0.8752    1.7882       1.1935  0.9290      0.8593      0.9892         .  1.2573    1.0543      0.5881     1.4878    1.0265   2.4908   0.8230
placebo                    0.6961    1.4223       0.9493  0.7389      0.6835      0.7868    0.7954       .    0.8385      0.4678     1.1834    0.8164   1.9811   0.6546
ramelteon                  0.8302    1.6961       1.1321  0.8812      0.8151      0.9382    0.9485  1.1926         .      0.5578     1.4112    0.9736   2.3626   0.7806
seltorexant                1.4882    3.0405       2.0293  1.5797      1.4612      1.6819    1.7004  2.1378    1.7926           .     2.5298    1.7454   4.2352   1.3994
suvorexant                 0.5883    1.2019       0.8022  0.6244      0.5776      0.6648    0.6721  0.8450    0.7086      0.3953          .    0.6899   1.6741   0.5532
trazodone                  0.8526    1.7420       1.1627  0.9051      0.8372      0.9636    0.9742  1.2248    1.0271      0.5729     1.4494         .   2.4265   0.8018
zaleplon                   0.3514    0.7179       0.4792  0.3730      0.3450      0.3971    0.4015  0.5048    0.4233      0.2361     0.5973    0.4121        .   0.3304
zolpidem                   1.0634    2.1727       1.4502  1.1288      1.0441      1.2019    1.2151  1.5277    1.2810      0.7146     1.8078    1.2472   3.0265        .

Lower 95%-confidence limit:
                 BZD-intermediate BZD-short daridorexant doxepin eszopiclone lemborexant melatonin placebo ramelteon seltorexant suvorexant trazodone zaleplon zolpidem
BZD-intermediate                .    0.5420       0.4905  0.2148      0.3425      0.4032    0.2204  0.5465    0.4305      0.0999     0.5738    0.0469   0.7964   0.3539
BZD-short                  0.1298         .       0.2108  0.0966      0.1479      0.1735    0.0993  0.2336    0.1854      0.0452     0.2486    0.0176   0.3689   0.1484
daridorexant               0.2638    0.4733            .  0.2082      0.4179      0.5003    0.2116  0.7439    0.5380      0.0900     0.6805    0.0293   0.7997   0.4049
doxepin                    0.1907    0.3577       0.3436       .      0.2424      0.2833    0.1707  0.3793    0.3031      0.0777     0.4089    0.0304   0.5640   0.2314
eszopiclone                0.3553    0.6404       0.8062  0.2834           .      0.6599    0.2882  0.9631    0.7097      0.1227     0.9054    0.0404   1.0733   0.5260
lemborexant                0.3157    0.5672       0.7283  0.2499      0.4981           .    0.2540  0.8807    0.6405      0.1081     0.8120    0.0353   0.9560   0.4793
melatonin                  0.1689    0.3176       0.3014  0.1473      0.2128      0.2485         .  0.3320    0.2658      0.0696     0.3593    0.0276   0.4989   0.2031
placebo                    0.2648    0.4726       0.6703  0.2071      0.4499      0.5451    0.2100       .    0.5890      0.0883     0.7210    0.0283   0.8045   0.4262
ramelteon                  0.2967    0.5333       0.6895  0.2354      0.4715      0.5638    0.2392  0.8377         .      0.1015     0.7680    0.0331   0.8974   0.4478
seltorexant                0.2213    0.4183       0.3708  0.1940      0.2619      0.3057    0.2013  0.4036    0.3261           .     0.4444    0.0414   0.6554   0.2642
suvorexant                 0.1986    0.3591       0.4379  0.1594      0.3020      0.3589    0.1623  0.5149    0.3856      0.0694          .    0.0231   0.5986   0.2872
trazodone                  0.0341    0.0535       0.0397  0.0249      0.0283      0.0328    0.0262  0.0425    0.0350      0.0136     0.0485         .   0.0761   0.0277
zaleplon                   0.0983    0.1901       0.1836  0.0785      0.1277      0.1508    0.0804  0.2050    0.1608      0.0365     0.2136    0.0129        .   0.1369
zolpidem                   0.4002    0.7005       0.8516  0.2948      0.5735      0.6924    0.2999  0.9946    0.7348      0.1349     0.9386    0.0431   1.2543        .

Upper 95%-confidence limit:
                 BZD-intermediate BZD-short daridorexant doxepin eszopiclone lemborexant melatonin placebo ramelteon seltorexant suvorexant trazodone zaleplon zolpidem
BZD-intermediate                .    7.7023       3.7911  5.2449      2.8145      3.1679    5.9221  3.7763    3.3709      4.5188     5.0364   29.3417  10.1696   2.4985
BZD-short                  1.8452         .       2.1128  2.7955      1.5614      1.7632    3.1490  2.1159    1.8750      2.3909     2.7846   18.6770   5.2597   1.4276
daridorexant               2.0387    4.7429            .  2.9103      1.2405      1.3730    3.3182  1.4918    1.4503      2.6971     2.2837   25.2117   5.4465   1.1743
doxepin                    4.6549   10.3566       4.8031       .      3.5291      4.0013    6.7881  4.8289    4.2489      5.1544     6.2717   40.2019  12.7454   3.3917
eszopiclone                2.9195    6.7612       2.3928  4.1248           .      2.0078    4.6989  2.2227    2.1209      3.8176     3.3110   35.3458   7.8281   1.7437
lemborexant                2.4801    5.7620       1.9988  3.5296      1.5153           .    4.0234  1.8344    1.7737      3.2708     2.7863   30.4952   6.6329   1.4443
melatonin                  4.5363   10.0691       4.7265  5.8587      3.4699      3.9367         .  4.7615    4.1808      4.9673     6.1601   38.1606  12.4351   3.3343
placebo                    1.8299    4.2800       1.3442  2.6366      1.0383      1.1355    3.0122       .    1.1938      2.4779     1.9422   23.5405   4.8787   1.0054
ramelteon                  2.3231    5.3941       1.8586  3.2994      1.4091      1.5614    3.7616  1.6978         .      3.0665     2.5933   28.5979   6.2199   1.3610
seltorexant               10.0075   22.1030      11.1075 12.8621      8.1505      9.2525   14.3616 11.3246    9.8542           .    14.4025   73.5766  27.3668   7.4132
suvorexant                 1.7428    4.0223       1.4695  2.4454      1.1045      1.2316    2.7829  1.3869    1.3021      2.2504          .   20.6284   4.6820   1.0654
trazodone                 21.3308   56.6788      34.0826 32.9306     24.7715     28.3179   36.2171 35.3158   30.1667     24.1524    43.3372         .  77.3829  23.1892
zaleplon                   1.2556    2.7108       1.2505  1.7731      0.9317      1.0461    2.0043  1.2430    1.1143      1.5257     1.6705   13.1422        .   0.7973
zolpidem                   2.8256    6.7391       2.4694  4.3218      1.9010      2.0864    4.9227  2.3464    2.2333      3.7855     3.4819   36.0731   7.3028        .

Random effects model

Treatment estimate (sm = 'OR'):
                 BZD-intermediate BZD-short daridorexant doxepin eszopiclone lemborexant melatonin placebo ramelteon seltorexant suvorexant trazodone zaleplon zolpidem
BZD-intermediate                .    2.0431       1.3637  1.0615      0.9819      1.1302    1.1426  1.4365    1.2046      0.6720     1.6999    1.1728   2.8459   0.9404
BZD-short                  0.4894         .       0.6674  0.5195      0.4806      0.5532    0.5592  0.7031    0.5896      0.3289     0.8320    0.5740   1.3929   0.4603
daridorexant               0.7333    1.4983            .  0.7784      0.7200      0.8288    0.8379  1.0534    0.8833      0.4928     1.2466    0.8601   2.0870   0.6896
doxepin                    0.9421    1.9248       1.2847       .      0.9250      1.0647    1.0764  1.3533    1.1348      0.6330     1.6015    1.1049   2.6811   0.8859
eszopiclone                1.0185    2.0809       1.3889  1.0811           .      1.1511    1.1637  1.4631    1.2268      0.6844     1.7314    1.1945   2.8985   0.9577
lemborexant                0.8848    1.8078       1.2066  0.9392      0.8687           .    1.0110  1.2710    1.0658      0.5946     1.5041    1.0377   2.5181   0.8320
melatonin                  0.8752    1.7882       1.1935  0.9290      0.8593      0.9892         .  1.2573    1.0543      0.5881     1.4878    1.0265   2.4908   0.8230
placebo                    0.6961    1.4223       0.9493  0.7389      0.6835      0.7868    0.7954       .    0.8385      0.4678     1.1834    0.8164   1.9811   0.6546
ramelteon                  0.8302    1.6961       1.1321  0.8812      0.8151      0.9382    0.9485  1.1926         .      0.5578     1.4112    0.9736   2.3626   0.7806
seltorexant                1.4882    3.0405       2.0293  1.5797      1.4612      1.6819    1.7004  2.1378    1.7926           .     2.5298    1.7454   4.2352   1.3994
suvorexant                 0.5883    1.2019       0.8022  0.6244      0.5776      0.6648    0.6721  0.8450    0.7086      0.3953          .    0.6899   1.6741   0.5532
trazodone                  0.8526    1.7420       1.1627  0.9051      0.8372      0.9636    0.9742  1.2248    1.0271      0.5729     1.4494         .   2.4265   0.8018
zaleplon                   0.3514    0.7179       0.4792  0.3730      0.3450      0.3971    0.4015  0.5048    0.4233      0.2361     0.5973    0.4121        .   0.3304
zolpidem                   1.0634    2.1727       1.4502  1.1288      1.0441      1.2019    1.2151  1.5277    1.2810      0.7146     1.8078    1.2472   3.0265        .

Lower 95%-confidence limit:
                 BZD-intermediate BZD-short daridorexant doxepin eszopiclone lemborexant melatonin placebo ramelteon seltorexant suvorexant trazodone zaleplon zolpidem
BZD-intermediate                .    0.5420       0.4905  0.2148      0.3425      0.4032    0.2204  0.5465    0.4305      0.0999     0.5738    0.0469   0.7964   0.3539
BZD-short                  0.1298         .       0.2108  0.0966      0.1479      0.1735    0.0993  0.2336    0.1854      0.0452     0.2486    0.0176   0.3689   0.1484
daridorexant               0.2638    0.4733            .  0.2082      0.4179      0.5003    0.2116  0.7439    0.5380      0.0900     0.6805    0.0293   0.7997   0.4049
doxepin                    0.1907    0.3577       0.3436       .      0.2424      0.2833    0.1707  0.3793    0.3031      0.0777     0.4089    0.0304   0.5640   0.2314
eszopiclone                0.3553    0.6404       0.8062  0.2834           .      0.6599    0.2882  0.9631    0.7097      0.1227     0.9054    0.0404   1.0733   0.5260
lemborexant                0.3157    0.5672       0.7283  0.2499      0.4981           .    0.2540  0.8807    0.6405      0.1081     0.8120    0.0353   0.9560   0.4793
melatonin                  0.1689    0.3176       0.3014  0.1473      0.2128      0.2485         .  0.3320    0.2658      0.0696     0.3593    0.0276   0.4989   0.2031
placebo                    0.2648    0.4726       0.6703  0.2071      0.4499      0.5451    0.2100       .    0.5890      0.0883     0.7210    0.0283   0.8045   0.4262
ramelteon                  0.2967    0.5333       0.6895  0.2354      0.4715      0.5638    0.2392  0.8377         .      0.1015     0.7680    0.0331   0.8974   0.4478
seltorexant                0.2213    0.4183       0.3708  0.1940      0.2619      0.3057    0.2013  0.4036    0.3261           .     0.4444    0.0414   0.6554   0.2642
suvorexant                 0.1986    0.3591       0.4379  0.1594      0.3020      0.3589    0.1623  0.5149    0.3856      0.0694          .    0.0231   0.5986   0.2872
trazodone                  0.0341    0.0535       0.0397  0.0249      0.0283      0.0328    0.0262  0.0425    0.0350      0.0136     0.0485         .   0.0761   0.0277
zaleplon                   0.0983    0.1901       0.1836  0.0785      0.1277      0.1508    0.0804  0.2050    0.1608      0.0365     0.2136    0.0129        .   0.1369
zolpidem                   0.4002    0.7005       0.8516  0.2948      0.5735      0.6924    0.2999  0.9946    0.7348      0.1349     0.9386    0.0431   1.2543        .

Upper 95%-confidence limit:
                 BZD-intermediate BZD-short daridorexant doxepin eszopiclone lemborexant melatonin placebo ramelteon seltorexant suvorexant trazodone zaleplon zolpidem
BZD-intermediate                .    7.7023       3.7911  5.2449      2.8145      3.1679    5.9221  3.7763    3.3709      4.5188     5.0364   29.3417  10.1696   2.4985
BZD-short                  1.8452         .       2.1128  2.7955      1.5614      1.7632    3.1490  2.1159    1.8750      2.3909     2.7846   18.6770   5.2597   1.4276
daridorexant               2.0387    4.7429            .  2.9103      1.2405      1.3730    3.3182  1.4918    1.4503      2.6971     2.2837   25.2117   5.4465   1.1743
doxepin                    4.6549   10.3566       4.8031       .      3.5291      4.0013    6.7881  4.8289    4.2489      5.1544     6.2717   40.2019  12.7454   3.3917
eszopiclone                2.9195    6.7612       2.3928  4.1248           .      2.0078    4.6989  2.2227    2.1209      3.8176     3.3110   35.3458   7.8281   1.7437
lemborexant                2.4801    5.7620       1.9988  3.5296      1.5153           .    4.0234  1.8344    1.7737      3.2708     2.7863   30.4952   6.6329   1.4443
melatonin                  4.5363   10.0691       4.7265  5.8587      3.4699      3.9367         .  4.7615    4.1808      4.9673     6.1601   38.1606  12.4351   3.3343
placebo                    1.8299    4.2800       1.3442  2.6366      1.0383      1.1355    3.0122       .    1.1938      2.4779     1.9422   23.5405   4.8787   1.0054
ramelteon                  2.3231    5.3941       1.8586  3.2994      1.4091      1.5614    3.7616  1.6978         .      3.0665     2.5933   28.5979   6.2199   1.3610
seltorexant               10.0075   22.1030      11.1075 12.8621      8.1505      9.2525   14.3616 11.3246    9.8542           .    14.4025   73.5766  27.3668   7.4132
suvorexant                 1.7428    4.0223       1.4695  2.4454      1.1045      1.2316    2.7829  1.3869    1.3021      2.2504          .   20.6284   4.6820   1.0654
trazodone                 21.3308   56.6788      34.0826 32.9306     24.7715     28.3179   36.2171 35.3158   30.1667     24.1524    43.3372         .  77.3829  23.1892
zaleplon                   1.2556    2.7108       1.2505  1.7731      0.9317      1.0461    2.0043  1.2430    1.1143      1.5257     1.6705   13.1422        .   0.7973
zolpidem                   2.8256    6.7391       2.4694  4.3218      1.9010      2.0864    4.9227  2.3464    2.2333      3.7855     3.4819   36.0731   7.3028        .

Quantifying heterogeneity / inconsistency:
tau^2 = 0; tau = 0; I^2 = 0% [0.0%; 43.2%]

Tests of heterogeneity (within designs) and inconsistency (between designs):
                    Q d.f. p-value
Total           20.09   25  0.7422
Within designs   9.12   16  0.9085
Between designs 10.97    9  0.2778
[1] "A total of 14 treatments are included in the network."
[1] "A total of 31 studies are included in this analysis."
[1] "Estimated heterogeneity tau-squared0"
[1] "Global test for inconsistency, p-value 0.27778 (Q=11, d.o.f. 9)"
[1] "File created by E. G. Ostinelli on 2022-01-08"
